



















































































































































































































































255, 290, 302, 303, 314, 316, 327, 334, 336, 358, 371, 418, 447
286
248, 251, 258, 259, 262, 265, 273, 285, 291, 292, 297, 308, 320, 322, 342, 348, 355, 364, 384, 391, 392, 427, 433, 452, 461, 474, 481
247, 249, 254, 256, 258, 259, 262, 264, 265, 271, 273, 277, 284, 285, 291, 292, 296, 298, 301, 302, 306, 307, 308, 310, 322, 326, 327, 330, 342, 346, 348, 352, 353, 355, 364, 365, 370, 378, 380, 382, 384, 386, 387, 391, 407, 414, 427, 429, 430, 433, 438, 439, 452, 453, 461, 471, 472, 473, 474, 476, 477, 481
248, 250, 258, 259, 262, 263, 265, 271, 273, 279, 284, 285, 291, 292, 296, 302, 306, 307, 308, 310, 322, 342, 348, 352, 353, 355, 364, 365, 378, 379, 383, 384, 386, 387, 391, 426, 433, 438, 439, 444, 449, 450, 453, 460, 461, 466, 471, 472, 474, 476, 477, 481
249, 258, 265, 273, 292, 302, 308, 310, 342, 353, 433, 438, 453, 461, 466, 481
247, 258, 262, 275, 277, 284, 342, 364, 387, 438, 480


248, 255, 256, 259, 261, 265, 276, 281, 287, 290, 292, 298, 302, 303, 308, 310, 314, 315, 316, 324, 327, 342, 348, 352, 353, 358, 359, 365, 371, 384, 386, 407, 415, 433, 438, 447, 453, 456, 461, 481
245, 254, 256, 261, 265, 281, 284, 290, 292, 298, 303, 308, 310, 314, 315, 316, 324, 342, 357, 358, 359, 365, 366, 370, 371, 384, 407, 415, 418, 425, 441, 447, 453, 456, 481
248, 254, 255, 259, 265, 284, 290, 292, 303, 307, 308, 310, 314, 316, 324, 342, 353, 358, 365, 371, 384, 386, 441, 447, 453, 461, 481

247, 248, 249, 250, 251, 259, 265, 271, 273, 284, 285, 291, 292, 296, 302, 305, 306, 307, 308, 322, 331, 342, 348, 353, 355, 364, 378, 384, 386, 387, 426, 433, 438, 439, 452, 453, 461, 471, 472, 474, 476, 477, 481
247, 248, 249, 254, 256, 258, 262, 264, 265, 271, 273, 277, 284, 285, 286, 288, 291, 292, 296, 298, 302, 303, 306, 307, 308, 310, 315, 322, 324, 326, 327, 330, 342, 348, 349, 353, 355, 364, 365, 368, 378, 380, 382, 384, 386, 387, 414, 433, 438, 439, 444, 452, 453, 460, 461, 463, 466, 471, 474, 476, 477, 479, 481, 482

254, 255, 265, 290, 292, 308, 324, 342, 366, 371, 447, 481
247, 248, 249, 251, 259, 265, 273, 285, 288, 289, 292, 296, 297, 306, 307, 308, 310, 311, 320, 322, 342, 344, 353, 355, 364, 365, 380, 386, 387, 403, 430, 433, 452, 453, 461, 472, 477, 481, 482
249, 265, 271, 273, 279, 292, 308, 310, 311, 353, 375, 383, 387, 424, 429, 430, 433, 435, 444, 452, 453, 460, 461, 476, 477, 479
248, 259, 265, 292, 303, 308, 310, 312, 327, 334, 342, 353, 365, 378, 382, 384, 386, 387, 429, 433, 438, 453, 461, 477, 480, 481
247, 248, 249, 250, 254, 255, 256, 258, 259, 261, 262, 263, 264, 271, 273, 276, 277, 284, 285, 291, 292, 296, 298, 301, 302, 303, 306, 307, 308, 310, 312, 315, 316, 322, 324, 326, 327, 330, 342, 348, 352, 353, 355, 358, 364, 365, 378, 382, 384, 386, 387, 391, 407, 414, 426, 433, 438, 439, 444, 450, 452, 453, 456, 460, 461, 466, 471, 472, 473, 474, 476, 477, 481, 482





248, 249, 258, 259, 263, 265, 273, 279, 285, 286, 291, 292, 296, 307, 308, 310, 322, 342, 353, 355, 364, 375, 378, 380, 382, 383, 387, 424, 429, 430, 433, 435, 444, 452, 453, 460, 461, 466, 471, 476, 477, 479, 481, 482

247, 248, 249, 250, 258, 259, 262, 263, 265, 271, 279, 285, 291, 292, 296, 305, 306, 307, 308, 310, 322, 331, 342, 348, 353, 355, 364, 375, 378, 379, 380, 382, 383, 384, 386, 387, 424, 429, 430, 433, 435, 438, 439, 444, 450, 452, 453, 460, 461, 466, 471, 472, 474, 476, 477, 479, 481, 482

251, 304, 312
254, 265, 281, 292, 306, 308, 310, 312, 324, 336, 342, 353, 378, 382, 387, 418, 447, 450, 461, 481
248, 251, 259, 265, 292, 296, 307, 308, 314, 342, 365, 386, 433, 453, 461, 466, 480, 481

249, 263, 271, 273, 286, 291, 295, 353, 368, 375, 380, 383, 387, 433, 435, 444, 453, 460, 479

254, 255, 276, 303, 316, 358, 371, 432


248, 249, 251, 255, 256, 258, 259, 265, 291, 292, 296, 298, 303, 306, 307, 308, 310, 314, 315, 322, 324, 327, 330, 342, 348, 364, 365, 371, 382, 384, 387, 391, 407, 438, 447, 453, 454, 461, 474, 481
247, 248, 249, 258, 259, 262, 265, 271, 273, 291, 292, 296, 302, 305, 306, 308, 310, 342, 348, 352, 353, 355, 364, 378, 380, 384, 386, 387, 391, 414, 426, 433, 438, 439, 450, 452, 453, 460, 461, 471, 472, 473, 474, 476, 477, 481
246, 259, 271, 279, 307, 310, 375, 378, 383, 387, 429, 444, 453, 460, 471
254
259, 262, 297, 320, 322, 327, 364, 380, 384, 386, 387, 414, 423, 452
262
245, 254, 255, 256, 261, 303, 316, 326, 358, 365, 371, 418, 447, 456
247, 248, 249, 258, 259, 265, 271, 273, 279, 284, 285, 292, 296, 306, 308, 310, 322, 342, 348, 349, 353, 364, 368, 382, 387, 433, 438, 439, 444, 452, 453, 460, 461, 466, 471, 474, 476, 479, 481, 482
247, 248, 249, 250, 254, 255, 256, 258, 259, 261, 262, 263, 264, 265, 271, 273, 276, 277, 284, 285, 291, 296, 298, 301, 302, 303, 306, 307, 308, 310, 312, 315, 316, 322, 324, 326, 327, 330, 342, 348, 352, 353, 355, 358, 364, 365, 378, 382, 384, 386, 387, 391, 407, 414, 426, 433, 438, 439, 444, 450, 452, 453, 456, 460, 461, 466, 471, 472, 473, 474, 476, 477, 481, 482


279, 444
248, 249, 258, 259, 262, 265, 271, 273, 277, 284, 285, 291, 292, 305, 306, 307, 308, 310, 313, 342, 352, 353, 364, 368, 380, 384, 386, 387, 429, 433, 438, 442, 444, 452, 453, 460, 461, 470, 471, 476, 477, 479, 481
247, 262, 288, 320, 331, 414, 427, 452, 463, 482
248, 254, 255, 259, 265, 284, 292, 303, 307, 308, 310, 315, 316, 342, 358, 365, 371, 384, 403, 407, 433, 438, 447, 453, 456, 481
304, 348, 364, 407, 474

248, 265, 292, 307, 308, 310, 342, 353, 368, 380, 429, 438, 453, 461, 481
245, 248, 249, 250, 254, 258, 259, 265, 285, 292, 307, 308, 310, 322, 324, 342, 352, 353, 368, 382, 384, 387, 418, 438, 453, 461, 465, 481
245, 254, 255, 256, 259, 264, 265, 281, 284, 290, 292, 298, 307, 308, 310, 314, 315, 316, 324, 326, 327, 342, 353, 358, 365, 366, 371, 384, 418, 438, 441, 447, 453, 461, 481
275, 299, 310, 346, 348, 391, 439, 474
258, 273, 285, 296, 332, 355, 409, 426, 439, 461, 470
248, 249, 258, 259, 262, 265, 273, 276, 284, 285, 291, 292, 296, 308, 310, 322, 324, 327, 330, 342, 346, 348, 353, 355, 364, 365, 378, 382, 384, 387, 391, 409, 426, 433, 438, 439, 452, 453, 461, 466, 471, 472, 473, 474, 476, 477, 481, 482
248, 249, 256, 258, 259, 262, 265, 271, 273, 277, 284, 286, 292, 296, 298, 301, 302, 303, 308, 310, 312, 314, 315, 322, 324, 326, 331, 342, 353, 365, 368, 382, 384, 386, 387, 433, 438, 453, 460, 461, 465, 466, 476, 477, 481, 482
247, 248, 249, 250, 254, 255, 256, 258, 259, 261, 262, 263, 264, 265, 271, 273, 276, 277, 284, 285, 291, 292, 296, 298, 301, 302, 303, 306, 307, 310, 312, 315, 316, 322, 324, 326, 327, 330, 342, 348, 352, 353, 355, 358, 364, 365, 378, 382, 384, 386, 387, 391, 407, 414, 426, 433, 438, 439, 444, 450, 452, 453, 456, 460, 461, 466, 471, 472, 473, 474, 476, 477, 481, 482

248, 249, 250, 254, 255, 256, 259, 262, 263, 264, 265, 271, 273, 276, 284, 285, 286, 291, 292, 296, 298, 301, 302, 303, 304, 306, 307, 308, 311, 312, 315, 316, 322, 324, 326, 327, 342, 348, 352, 353, 355, 358, 364, 365, 368, 371, 375, 378, 382, 383, 384, 387, 415, 424, 429, 430, 433, 438, 444, 447, 450, 453, 456, 460, 461, 466, 471, 472, 476, 477, 479, 481
262, 263, 310, 332, 435, 444
264, 265, 275, 276, 292, 307, 308, 310, 342, 353, 364, 365, 378, 386, 387, 419, 449, 453, 461, 481
296, 466, 482
245, 254, 255, 256, 277, 284, 303, 307, 316, 324, 326, 327, 365, 371, 386, 418, 447, 453
254, 255, 259, 265, 284, 292, 298, 303, 307, 308, 310, 316, 322, 324, 336, 342, 358, 364, 365, 382, 384, 387, 418, 447, 461, 465, 481, 482
245, 254, 255, 256, 265, 281, 290, 292, 298, 303, 308, 310, 314, 315, 324, 342, 358, 359, 365, 366, 371, 384, 407, 415, 418, 441, 447, 453, 456, 481



247, 262, 288, 297, 414, 427, 452, 482

247, 248, 249, 258, 259, 262, 265, 271, 273, 284, 288, 291, 292, 302, 306, 307, 308, 310, 315, 324, 342, 348, 353, 364, 382, 384, 387, 414, 433, 438, 452, 453, 461, 465, 481

254, 255, 256, 259, 261, 265, 276, 284, 292, 302, 303, 306, 307, 308, 310, 314, 315, 316, 322, 327, 342, 358, 365, 366, 371, 384, 387, 418, 427, 441, 447, 453, 461, 466, 481

248, 259, 265, 290, 292, 303, 307, 308, 310, 314, 342, 365, 387, 438, 453, 460, 461, 466, 476, 481
245, 248, 254, 259, 264, 265, 284, 288, 292, 303, 306, 308, 310, 314, 324, 342, 353, 364, 365, 371, 378, 382, 384, 386, 387, 418, 453, 461, 481


248, 259, 265, 284, 292, 306, 308, 342, 348, 364, 378, 384, 387, 391, 414, 423, 439, 452, 453, 471, 473, 474
258, 273, 297, 307, 344, 353
305, 311, 355, 451

245, 264, 407, 410, 411, 418, 425, 441, 458

245, 276, 315, 346, 411





247, 248, 249, 250, 251, 254, 255, 256, 258, 259, 261, 262, 264, 265, 271, 273, 276, 277, 284, 285, 291, 292, 296, 298, 301, 302, 303, 306, 307, 308, 310, 312, 315, 316, 322, 324, 326, 327, 330, 348, 352, 353, 355, 358, 364, 365, 370, 371, 378, 380, 382, 384, 386, 387, 391, 407, 414, 426, 433, 438, 439, 444, 450, 452, 453, 460, 461, 466, 471, 472, 473, 474, 476, 477, 481, 482

262, 331, 353

248, 304, 306, 336, 348, 407, 410, 411, 427, 458

247, 248, 249, 254, 258, 259, 265, 273, 284, 285, 291, 292, 299, 304, 306, 308, 310, 322, 330, 342, 346, 352, 355, 364, 365, 382, 384, 386, 387, 391, 407, 409, 426, 433, 438, 439, 451, 452, 453, 461, 472, 473, 474, 477, 481
259, 291, 372, 407


248, 249, 254, 265, 285, 292, 296, 302, 308, 310, 342, 348, 353, 364, 407, 433, 450, 453, 461, 481
248, 249, 250, 254, 256, 258, 259, 262, 263, 264, 265, 271, 273, 276, 279, 285, 291, 292, 296, 301, 302, 303, 306, 307, 308, 310, 312, 322, 327, 331, 342, 344, 352, 355, 364, 365, 378, 380, 382, 383, 384, 386, 387, 433, 438, 439, 444, 452, 453, 460, 461, 466, 471, 472, 476, 477, 481

247, 248, 249, 258, 259, 262, 265, 271, 273, 285, 292, 305, 306, 308, 310, 332, 342, 348, 353, 364, 365, 378, 382, 384, 386, 387, 391, 407, 433, 438, 439, 450, 452, 453, 461, 463, 471, 473, 474, 477, 481

255, 451, 456
245, 254, 255, 256, 265, 281, 290, 292, 298, 303, 308, 310, 315, 316, 324, 342, 359, 365, 371, 384, 407, 425, 441, 447, 456, 481
254, 255, 316, 358, 415, 447

435


247, 248, 249, 251, 258, 259, 262, 265, 271, 273, 284, 285, 288, 291, 292, 296, 299, 306, 308, 310, 312, 315, 322, 327, 330, 342, 348, 352, 353, 355, 365, 378, 382, 384, 386, 387, 391, 407, 414, 418, 426, 433, 438, 439, 452, 453, 460, 461, 466, 471, 473, 474, 476, 477, 481, 482
248, 249, 254, 255, 256, 259, 262, 264, 265, 277, 284, 290, 292, 298, 303, 306, 307, 308, 310, 312, 314, 315, 316, 324, 326, 327, 342, 348, 353, 355, 358, 364, 370, 371, 378, 382, 384, 387, 415, 418, 433, 438, 447, 453, 461, 481
255, 261, 303, 316, 324, 441, 447

259, 279, 291, 296, 301, 302, 307, 310, 387, 444, 453, 460, 471, 479

248, 255, 342, 365, 384, 456
245, 254, 255, 256, 261, 281, 284, 290, 298, 303, 310, 314, 316, 324, 327, 342, 358, 365, 384, 407, 410, 415, 418, 425, 441, 447, 453, 456
349


263, 271, 273, 279, 286, 310, 383, 387, 423, 429, 444, 448, 460, 476, 477, 479


248, 249, 258, 259, 264, 265, 271, 273, 276, 285, 286, 292, 306, 308, 310, 312, 327, 330, 342, 353, 355, 364, 365, 384, 386, 387, 429, 430, 433, 438, 439, 444, 453, 460, 461, 466, 471, 476, 477, 481
249, 273, 387, 461, 476, 482
248, 259, 262, 271, 273, 279, 285, 288, 296, 301, 342, 353, 387, 423, 433, 452, 461, 471, 476, 481, 482

248, 259, 264, 265, 271, 273, 276, 284, 291, 292, 302, 306, 307, 308, 310, 315, 322, 327, 342, 348, 353, 355, 364, 365, 384, 387, 433, 438, 453, 461, 474, 479, 481
249, 263, 271, 273, 279, 286, 310, 353, 375, 387, 424, 429, 433, 435, 444, 448, 453, 460, 477, 479
247, 248, 249, 254, 255, 256, 258, 259, 264, 265, 273, 284, 285, 288, 292, 296, 298, 302, 303, 306, 307, 308, 310, 315, 316, 322, 324, 327, 330, 342, 348, 353, 355, 358, 364, 365, 370, 371, 378, 382, 386, 387, 391, 407, 414, 418, 433, 438, 439, 447, 450, 452, 453, 456, 461, 463, 471, 472, 473, 474, 481

248, 249, 254, 256, 258, 259, 262, 264, 265, 273, 277, 285, 288, 292, 296, 307, 308, 312, 314, 327, 342, 348, 353, 355, 364, 378, 384, 387, 433, 438, 439, 453, 461, 463, 471, 477, 481
248, 249, 251, 258, 259, 262, 263, 264, 265, 271, 273, 276, 279, 284, 285, 286, 288, 291, 292, 296, 302, 306, 307, 308, 310, 312, 315, 322, 324, 326, 327, 330, 342, 348, 353, 355, 364, 365, 368, 375, 378, 379, 380, 382, 383, 384, 386, 391, 414, 423, 429, 430, 433, 438, 439, 444, 452, 453, 460, 461, 463, 466, 471, 476, 477, 479, 481, 482



247, 248, 249, 265, 284, 285, 292, 304, 306, 308, 330, 342, 348, 355, 364, 384, 387, 439, 451, 452, 461, 473, 474, 477, 481
247, 442










262, 298



248, 254, 255, 265, 284, 292, 298, 299, 308, 316, 334, 342, 346, 348, 349, 352, 355, 358, 364, 371, 384, 419, 438, 439, 453, 461, 474

305, 306, 348, 426, 451, 473
334, 346, 371, 475
334, 336, 346


248, 259, 265, 285, 288, 292, 297, 308, 320, 322, 330, 342, 364, 384, 387, 433, 452, 461, 474, 476, 481, 482
254, 255, 310, 316, 359, 365, 371, 447

419
245, 255, 276, 290, 302, 303, 314, 315, 316, 324, 327, 334, 364, 365, 371, 384, 427, 447, 465
312, 407, 417



288, 330, 375, 380, 387, 429, 448, 452, 463, 477, 479
263, 271, 273, 310, 383, 435, 444, 449, 453, 460, 479
255, 334, 358, 371, 447
249, 258, 265, 285, 292, 305, 306, 308, 342, 348, 364, 409, 439, 451, 461, 470, 473, 474
247, 248, 297, 320, 324, 346, 418

248, 263, 264, 271, 273, 286, 296, 301, 310, 375, 378, 383, 387, 423, 430, 433, 444, 460, 471, 477
248, 262, 263, 271, 273, 310, 378, 387, 429, 444, 460, 471, 477

281
247, 248, 249, 250, 254, 258, 259, 262, 263, 264, 265, 271, 273, 277, 279, 285, 291, 292, 296, 298, 306, 307, 308, 310, 322, 342, 348, 352, 353, 355, 364, 365, 378, 380, 382, 383, 384, 386, 387, 414, 429, 438, 439, 444, 450, 452, 453, 460, 461, 471, 472, 474, 476, 477, 481, 482

263, 271, 273, 279, 311, 361, 383, 424, 444, 460, 479


248, 249, 250, 251, 254, 258, 259, 264, 265, 273, 284, 285, 291, 292, 296, 298, 301, 302, 303, 306, 307, 308, 310, 322, 326, 342, 348, 353, 355, 364, 365, 378, 382, 384, 386, 387, 407, 433, 439, 444, 452, 453, 460, 461, 466, 471, 474, 476, 477, 481
248, 249, 258, 259, 265, 273, 285, 291, 292, 304, 305, 306, 308, 330, 342, 348, 353, 355, 364, 378, 384, 386, 387, 391, 407, 426, 433, 438, 451, 453, 461, 470, 472, 473, 474, 481

255, 256, 303, 316, 324, 334, 358, 366, 371, 447
296, 392

249, 259, 263, 265, 271, 273, 279, 286, 291, 292, 295, 296, 308, 310, 311, 342, 353, 368, 375, 378, 383, 387, 424, 429, 430, 433, 435, 438, 453, 460, 461, 466, 471, 476, 477, 479, 481


245, 254, 255, 256, 261, 276, 284, 290, 298, 303, 310, 314, 315, 316, 324, 358, 359, 365, 366, 371, 384, 415, 418, 425, 441
375, 383, 423, 476, 479
249, 312, 424
249, 265, 273, 276, 285, 292, 308, 310, 342, 352, 355, 384, 433, 461, 481
332, 348, 357, 391, 409, 426, 439, 473, 474
247, 248, 258, 259, 262, 263, 265, 271, 273, 285, 288, 291, 292, 296, 297, 306, 308, 320, 322, 330, 342, 348, 353, 355, 364, 380, 384, 387, 391, 414, 423, 433, 438, 461, 463, 471, 472, 474, 476, 477, 481, 482
248, 249, 250, 254, 255, 256, 258, 259, 262, 263, 264, 265, 271, 273, 277, 279, 284, 285, 286, 291, 292, 296, 298, 301, 302, 303, 306, 307, 308, 310, 312, 314, 316, 322, 324, 326, 327, 330, 342, 348, 352, 353, 355, 364, 365, 368, 371, 378, 382, 383, 384, 386, 387, 407, 424, 433, 438, 439, 444, 456, 460, 461, 466, 472, 474, 476, 477, 479, 481
284

254, 255, 265, 290, 292, 298, 308, 310, 316, 357, 358, 370, 371, 384, 453

334, 346

249, 259, 263, 265, 271, 273, 279, 285, 286, 291, 292, 296, 307, 308, 310, 326, 342, 353, 364, 368, 375, 378, 383, 387, 424, 429, 430, 433, 435, 438, 444, 453, 461, 466, 471, 476, 477, 479, 481, 482
247, 248, 249, 250, 254, 256, 258, 259, 262, 263, 264, 265, 271, 273, 276, 277, 284, 285, 291, 292, 296, 301, 302, 303, 305, 306, 307, 308, 310, 312, 315, 322, 324, 326, 327, 342, 348, 352, 353, 355, 364, 365, 378, 379, 380, 382, 384, 386, 387, 391, 407, 414, 426, 433, 438, 439, 444, 450, 452, 453, 460, 466, 471, 472, 474, 476, 477, 481, 482

259, 297, 355, 384, 386, 387, 423, 452, 477

302, 307, 315, 322, 418
249, 250, 259, 265, 271, 273, 277, 291, 292, 306, 307, 308, 310, 313, 324, 326, 342, 353, 364, 378, 387, 438, 444, 453, 460, 461, 471, 476, 481, 482



296, 305, 426, 439
248, 249, 258, 259, 265, 271, 273, 285, 286, 291, 292, 296, 306, 308, 310, 330, 342, 353, 355, 364, 368, 378, 380, 384, 386, 387, 429, 430, 433, 438, 444, 452, 460, 461, 466, 476, 477, 481, 482
248, 249, 258, 262, 265, 273, 285, 292, 306, 308, 310, 342, 348, 353, 384, 433, 439, 452, 453, 461, 481
248, 265, 285, 292, 306, 308, 330, 342, 348, 355, 364, 384, 391, 409, 426, 439, 451, 474
247, 248, 249, 258, 259, 265, 273, 284, 285, 291, 292, 299, 304, 306, 308, 330, 342, 348, 355, 364, 382, 384, 391, 407, 414, 426, 433, 438, 439, 451, 452, 453, 461, 473, 477, 481
410
248, 249, 258, 259, 263, 265, 271, 273, 285, 291, 292, 296, 306, 307, 308, 310, 326, 342, 353, 364, 375, 378, 379, 380, 387, 414, 433, 438, 444, 448, 452, 453, 460, 461, 466, 471, 477, 479, 481, 482
248, 249, 258, 259, 262, 263, 264, 265, 271, 273, 285, 292, 296, 306, 307, 308, 310, 342, 348, 353, 355, 364, 375, 378, 383, 386, 387, 391, 423, 429, 430, 433, 438, 444, 452, 453, 460, 461, 463, 471, 474, 476, 481

259, 263, 271, 273, 279, 291, 296, 310, 368, 375, 382, 383, 387, 423, 424, 435, 444, 448, 453, 460, 476, 482
251, 264, 277
247, 248, 249, 250, 254, 255, 256, 258, 259, 261, 262, 264, 265, 271, 273, 276, 277, 284, 285, 291, 292, 296, 298, 301, 302, 303, 306, 307, 308, 310, 312, 315, 316, 322, 324, 326, 327, 342, 348, 352, 353, 355, 358, 364, 365, 378, 380, 382, 384, 386, 387, 391, 414, 433, 438, 439, 444, 450, 452, 453, 460, 461, 466, 471, 472, 474, 476, 477, 482
259, 262, 265, 271, 273, 291, 292, 297, 306, 307, 308, 313, 315, 320, 342, 364, 379, 380, 387, 414, 433, 452, 460, 461, 466, 471, 476, 479, 481
