



















































































































































































































































248, 251, 254, 255, 256, 258, 259, 261, 264, 265, 275, 276, 284, 288, 290, 292, 298, 299, 302, 303, 304, 306, 307, 308, 310, 312, 314, 315, 316, 322, 324, 326, 327, 334, 336, 342, 346, 348, 352, 353, 358, 359, 364, 365, 366, 370, 371, 378, 382, 384, 386, 387, 407, 410, 415, 418, 425, 427, 438, 439, 447, 453, 456, 458, 461, 465, 474, 475, 480, 481
247, 248, 249, 254, 255, 256, 258, 261, 263, 264, 265, 271, 273, 275, 276, 285, 286, 287, 289, 291, 292, 298, 303, 306, 307, 308, 310, 316, 322, 324, 326, 330, 342, 344, 348, 349, 353, 355, 358, 364, 365, 371, 378, 379, 380, 383, 384, 387, 415, 429, 430, 432, 433, 438, 441, 444, 447, 451, 452, 453, 456, 460, 461, 471, 472, 473, 476, 477, 481
246, 248, 249, 250, 251, 258, 259, 262, 263, 264, 265, 271, 273, 275, 276, 277, 279, 284, 285, 287, 288, 291, 292, 296, 297, 299, 301, 302, 305, 306, 307, 308, 310, 312, 315, 317, 320, 322, 324, 327, 330, 331, 342, 344, 346, 348, 349, 352, 353, 355, 364, 365, 366, 370, 378, 380, 382, 383, 384, 386, 387, 391, 392, 403, 407, 409, 410, 411, 414, 417, 419, 423, 424, 426, 427, 429, 430, 433, 434, 435, 438, 439, 444, 450, 451, 452, 453, 460, 461, 463, 465, 471, 472, 473, 474, 476, 477, 479, 480, 481, 482
245, 246, 247, 249, 250, 251, 254, 255, 256, 258, 259, 262, 263, 264, 265, 271, 273, 275, 276, 277, 279, 281, 284, 285, 286, 287, 288, 289, 290, 291, 292, 295, 296, 297, 298, 299, 301, 302, 303, 304, 305, 306, 307, 308, 310, 311, 312, 313, 314, 315, 316, 317, 320, 322, 324, 326, 327, 330, 331, 332, 334, 336, 342, 344, 346, 348, 349, 352, 353, 355, 357, 358, 359, 361, 364, 365, 366, 368, 370, 371, 372, 375, 378, 379, 380, 382, 383, 384, 386, 387, 391, 392, 403, 407, 409, 410, 411, 414, 415, 417, 418, 419, 423, 424, 425, 426, 427, 429, 430, 433, 434, 435, 438, 439, 441, 444, 447, 448, 449, 450, 451, 452, 453, 454, 456, 458, 460, 461, 463, 465, 466, 471, 472, 473, 474, 475, 476, 477, 479, 480, 481, 482
246, 247, 248, 250, 251, 255, 256, 258, 259, 261, 262, 263, 264, 265, 271, 273, 275, 276, 277, 279, 284, 285, 286, 287, 288, 289, 290, 291, 292, 295, 296, 297, 298, 299, 301, 302, 303, 304, 305, 306, 307, 308, 310, 311, 312, 313, 314, 315, 316, 317, 320, 322, 324, 326, 327, 330, 331, 332, 342, 344, 348, 349, 352, 353, 355, 357, 358, 359, 364, 365, 366, 368, 370, 372, 375, 378, 379, 380, 382, 383, 384, 386, 387, 391, 392, 407, 409, 410, 411, 414, 415, 417, 419, 423, 424, 425, 426, 427, 429, 430, 432, 433, 435, 438, 439, 444, 448, 449, 450, 451, 452, 453, 454, 456, 458, 460, 461, 463, 465, 466, 471, 472, 473, 474, 475, 476, 477, 479, 480, 481, 482
247, 248, 249, 251, 254, 255, 256, 258, 259, 262, 263, 264, 265, 271, 273, 276, 279, 285, 286, 287, 291, 292, 295, 296, 298, 301, 302, 303, 306, 307, 308, 310, 312, 315, 316, 320, 322, 324, 326, 327, 331, 336, 342, 344, 348, 352, 353, 355, 358, 364, 365, 368, 372, 375, 378, 379, 380, 382, 383, 384, 386, 387, 391, 407, 414, 417, 419, 424, 426, 427, 433, 435, 438, 442, 444, 448, 449, 450, 453, 456, 460, 461, 463, 466, 471, 472, 473, 474, 476, 477, 479, 481, 482
245, 247, 248, 249, 250, 254, 255, 256, 258, 259, 261, 262, 263, 264, 265, 271, 273, 275, 276, 277, 279, 284, 285, 288, 290, 291, 292, 296, 297, 298, 299, 301, 302, 303, 304, 305, 306, 307, 308, 310, 313, 315, 316, 317, 320, 322, 324, 326, 327, 330, 331, 334, 336, 342, 344, 346, 348, 349, 353, 355, 357, 364, 365, 368, 370, 371, 378, 379, 382, 383, 384, 386, 387, 391, 392, 407, 414, 418, 424, 427, 429, 430, 433, 435, 438, 439, 444, 447, 449, 452, 453, 456, 460, 461, 463, 465, 471, 472, 474, 476, 477, 479, 480, 481, 482


245, 246, 248, 250, 251, 255, 256, 258, 259, 261, 262, 264, 265, 273, 275, 276, 281, 284, 287, 288, 290, 291, 292, 296, 298, 299, 301, 302, 303, 304, 306, 307, 308, 310, 311, 312, 314, 315, 316, 317, 322, 324, 326, 327, 330, 332, 334, 336, 342, 344, 346, 348, 349, 352, 353, 355, 357, 358, 359, 364, 365, 366, 370, 371, 372, 378, 382, 384, 386, 387, 391, 407, 410, 411, 414, 415, 417, 418, 419, 425, 427, 430, 432, 433, 434, 438, 439, 441, 444, 447, 449, 450, 453, 454, 456, 458, 461, 465, 471, 472, 474, 475, 480, 481
245, 246, 248, 249, 250, 251, 254, 256, 258, 259, 261, 262, 264, 265, 275, 276, 281, 284, 285, 287, 288, 290, 291, 292, 298, 299, 301, 302, 303, 304, 305, 306, 307, 308, 310, 312, 314, 315, 316, 317, 322, 324, 326, 327, 330, 332, 334, 336, 342, 344, 346, 348, 349, 352, 353, 355, 357, 358, 359, 364, 365, 366, 370, 371, 372, 378, 382, 384, 386, 387, 407, 409, 410, 411, 414, 415, 417, 418, 419, 425, 426, 427, 432, 434, 438, 439, 441, 447, 450, 451, 453, 454, 456, 458, 461, 465, 472, 473, 474, 475, 480, 481
245, 246, 248, 249, 250, 251, 254, 255, 258, 259, 261, 262, 263, 264, 265, 271, 273, 276, 277, 281, 284, 285, 286, 290, 291, 292, 296, 298, 301, 303, 304, 306, 307, 308, 310, 312, 313, 314, 315, 316, 322, 324, 326, 327, 331, 342, 344, 348, 349, 352, 353, 355, 358, 359, 364, 365, 366, 368, 370, 371, 372, 378, 379, 382, 384, 386, 387, 407, 410, 411, 414, 415, 417, 418, 419, 425, 427, 429, 430, 432, 433, 434, 438, 441, 442, 444, 447, 450, 453, 454, 456, 458, 460, 461, 465, 466, 471, 474, 476, 477, 480, 481, 482

245, 246, 247, 248, 249, 250, 251, 254, 255, 256, 259, 262, 263, 264, 265, 271, 273, 275, 276, 277, 279, 284, 285, 286, 287, 288, 289, 290, 291, 292, 295, 296, 297, 298, 299, 301, 302, 303, 304, 305, 306, 307, 308, 310, 312, 313, 314, 315, 316, 317, 320, 322, 324, 326, 327, 330, 331, 332, 334, 336, 342, 344, 346, 348, 349, 352, 353, 355, 358, 359, 364, 365, 366, 368, 370, 371, 372, 378, 379, 380, 382, 383, 384, 386, 387, 391, 392, 403, 407, 409, 410, 411, 414, 415, 417, 418, 419, 423, 424, 425, 426, 427, 429, 430, 433, 434, 435, 438, 439, 441, 442, 444, 447, 449, 450, 451, 452, 453, 454, 456, 458, 460, 461, 463, 465, 466, 470, 471, 472, 473, 474, 476, 477, 479, 480, 481, 482
245, 247, 248, 249, 250, 251, 254, 255, 256, 258, 261, 262, 263, 264, 265, 271, 273, 275, 276, 277, 279, 281, 284, 285, 286, 287, 288, 290, 291, 292, 295, 296, 297, 298, 299, 301, 302, 303, 304, 305, 306, 307, 308, 310, 312, 313, 314, 315, 316, 317, 320, 322, 324, 326, 327, 330, 331, 334, 336, 342, 344, 346, 348, 349, 352, 353, 355, 358, 359, 361, 364, 365, 366, 368, 370, 371, 372, 375, 378, 379, 380, 382, 383, 384, 386, 387, 391, 392, 407, 414, 415, 417, 418, 419, 423, 424, 425, 426, 427, 429, 430, 432, 433, 435, 438, 439, 441, 444, 447, 448, 449, 450, 451, 452, 453, 454, 456, 460, 461, 463, 465, 466, 471, 472, 473, 474, 475, 476, 477, 479, 480, 481, 482

245, 246, 249, 251, 254, 255, 256, 259, 262, 264, 265, 275, 276, 277, 281, 285, 286, 287, 288, 290, 292, 298, 302, 303, 306, 307, 308, 310, 312, 314, 315, 316, 322, 324, 326, 327, 330, 336, 342, 344, 352, 353, 358, 359, 364, 365, 366, 368, 370, 371, 378, 382, 384, 386, 387, 415, 418, 432, 441, 447, 450, 453, 456, 461, 465, 473, 481
247, 248, 249, 250, 251, 254, 255, 256, 258, 259, 261, 263, 264, 265, 271, 273, 275, 276, 277, 279, 281, 284, 285, 286, 287, 288, 289, 290, 291, 292, 295, 296, 297, 298, 299, 302, 303, 305, 306, 307, 308, 310, 311, 312, 313, 314, 315, 316, 320, 322, 324, 326, 327, 330, 331, 332, 336, 342, 344, 346, 348, 349, 352, 353, 355, 358, 359, 361, 364, 365, 366, 368, 370, 371, 378, 379, 380, 382, 383, 384, 386, 387, 391, 392, 403, 414, 415, 417, 418, 419, 423, 424, 426, 427, 429, 430, 432, 433, 435, 438, 439, 444, 447, 449, 450, 452, 453, 454, 456, 460, 461, 463, 465, 466, 471, 472, 473, 474, 475, 476, 477, 480, 481, 482
246, 247, 248, 249, 250, 251, 256, 258, 259, 262, 264, 265, 271, 273, 275, 276, 277, 279, 284, 285, 286, 288, 289, 291, 292, 295, 296, 299, 301, 302, 305, 306, 307, 308, 310, 311, 312, 313, 315, 317, 322, 324, 326, 327, 330, 331, 332, 342, 344, 348, 349, 353, 355, 361, 364, 365, 375, 378, 379, 380, 382, 383, 384, 386, 387, 391, 407, 414, 417, 419, 423, 424, 426, 429, 430, 433, 435, 438, 439, 444, 448, 449, 452, 453, 454, 460, 461, 465, 471, 472, 473, 474, 476, 477, 479, 481
245, 246, 247, 248, 249, 250, 251, 254, 255, 256, 258, 259, 261, 262, 263, 265, 271, 273, 275, 276, 277, 279, 284, 285, 288, 291, 292, 296, 298, 299, 301, 302, 303, 304, 305, 306, 307, 308, 310, 312, 313, 314, 315, 316, 317, 324, 326, 327, 330, 331, 334, 336, 342, 344, 346, 348, 352, 353, 355, 358, 361, 364, 365, 366, 368, 371, 375, 378, 380, 382, 383, 384, 386, 387, 391, 407, 410, 414, 418, 423, 424, 425, 427, 429, 430, 433, 435, 438, 439, 444, 447, 448, 452, 453, 458, 460, 461, 463, 465, 466, 471, 474, 475, 476, 477, 479, 480, 481, 482
245, 246, 247, 248, 249, 250, 251, 254, 255, 256, 258, 259, 261, 262, 263, 264, 271, 273, 275, 276, 277, 279, 281, 284, 285, 286, 287, 288, 289, 290, 291, 292, 295, 296, 297, 298, 299, 301, 302, 303, 304, 305, 306, 307, 308, 310, 311, 312, 313, 314, 315, 316, 317, 320, 322, 324, 326, 327, 330, 331, 332, 334, 336, 342, 344, 346, 348, 349, 352, 353, 355, 357, 358, 359, 361, 364, 365, 366, 368, 370, 371, 372, 375, 378, 379, 380, 382, 383, 384, 386, 387, 391, 392, 403, 407, 409, 410, 411, 414, 415, 417, 418, 419, 423, 424, 425, 426, 427, 429, 430, 432, 433, 434, 435, 438, 439, 441, 442, 444, 447, 448, 449, 450, 451, 452, 453, 454, 456, 458, 460, 461, 463, 465, 466, 470, 471, 472, 473, 474, 475, 476, 477, 479, 480, 481, 482





246, 247, 248, 249, 250, 251, 256, 258, 259, 262, 263, 264, 265, 273, 275, 276, 277, 279, 284, 285, 286, 287, 288, 289, 291, 292, 295, 296, 299, 301, 302, 305, 306, 307, 308, 310, 311, 312, 313, 314, 315, 317, 322, 324, 326, 327, 330, 331, 332, 342, 344, 348, 349, 352, 353, 355, 361, 364, 365, 366, 368, 372, 375, 378, 379, 380, 382, 383, 384, 386, 387, 391, 407, 414, 417, 419, 423, 424, 426, 429, 430, 433, 435, 438, 439, 444, 448, 449, 452, 453, 454, 460, 461, 465, 466, 471, 472, 473, 474, 476, 477, 479, 480, 481, 482

246, 247, 248, 249, 250, 251, 254, 256, 258, 259, 262, 263, 264, 265, 271, 275, 276, 277, 279, 284, 285, 286, 287, 288, 289, 291, 292, 295, 296, 297, 298, 299, 301, 302, 304, 305, 306, 307, 308, 310, 311, 312, 313, 314, 315, 317, 320, 322, 324, 326, 327, 330, 331, 332, 334, 336, 342, 344, 346, 348, 349, 352, 353, 355, 359, 361, 364, 365, 366, 368, 370, 372, 375, 378, 379, 380, 382, 383, 384, 386, 387, 391, 392, 403, 407, 409, 414, 415, 417, 418, 419, 423, 424, 426, 427, 429, 430, 433, 434, 435, 438, 439, 442, 444, 448, 449, 450, 451, 452, 453, 454, 460, 461, 463, 465, 466, 470, 471, 472, 473, 474, 475, 476, 477, 479, 480, 481, 482

245, 246, 247, 248, 249, 251, 254, 255, 258, 259, 261, 262, 263, 264, 265, 271, 273, 276, 277, 284, 285, 288, 289, 290, 291, 292, 296, 297, 298, 302, 303, 304, 305, 306, 307, 308, 310, 312, 314, 315, 316, 320, 322, 324, 326, 327, 330, 331, 336, 342, 352, 353, 355, 358, 359, 361, 364, 365, 370, 371, 378, 380, 382, 384, 386, 387, 403, 410, 411, 414, 415, 418, 427, 433, 434, 438, 441, 444, 447, 450, 452, 453, 456, 458, 460, 461, 465, 466, 471, 472, 473, 474, 476, 477, 480, 481, 482
245, 246, 247, 248, 249, 250, 251, 254, 255, 256, 258, 259, 261, 262, 263, 264, 265, 271, 273, 275, 277, 281, 284, 285, 286, 287, 288, 290, 291, 292, 296, 298, 301, 302, 303, 304, 306, 307, 308, 310, 312, 313, 314, 315, 316, 317, 322, 324, 326, 327, 330, 331, 332, 334, 336, 342, 344, 346, 348, 352, 353, 355, 358, 359, 361, 364, 365, 366, 368, 370, 371, 375, 378, 379, 380, 382, 383, 384, 386, 387, 391, 392, 407, 410, 411, 414, 415, 418, 419, 423, 424, 425, 427, 429, 432, 433, 434, 438, 439, 441, 444, 447, 448, 450, 452, 453, 456, 458, 460, 461, 463, 465, 471, 472, 474, 476, 477, 479, 480, 481
247, 248, 249, 251, 256, 258, 259, 261, 262, 263, 264, 265, 271, 273, 275, 276, 284, 285, 286, 288, 291, 292, 296, 297, 303, 306, 307, 308, 310, 312, 313, 314, 315, 320, 322, 326, 327, 331, 342, 344, 346, 348, 349, 352, 353, 355, 364, 365, 368, 378, 379, 384, 386, 387, 391, 392, 411, 414, 419, 426, 427, 429, 430, 433, 435, 438, 439, 444, 452, 453, 456, 458, 460, 461, 463, 466, 471, 472, 476, 477, 480, 481, 482

247, 248, 249, 250, 251, 258, 259, 262, 263, 264, 265, 271, 273, 284, 285, 286, 289, 291, 292, 295, 296, 299, 302, 305, 306, 307, 308, 310, 311, 312, 317, 322, 324, 330, 332, 342, 344, 348, 349, 353, 355, 364, 368, 375, 378, 379, 380, 382, 383, 386, 387, 391, 407, 414, 417, 419, 424, 429, 430, 433, 435, 438, 439, 444, 448, 452, 453, 454, 460, 461, 463, 465, 466, 471, 472, 474, 476, 477, 479, 481, 482

248, 254, 255, 256, 259, 261, 262, 265, 276, 290, 292, 298, 303, 308, 310, 311, 312, 315, 316, 324, 327, 342, 352, 353, 358, 359, 365, 366, 371, 384, 415, 432, 441, 447, 453, 461, 481


245, 247, 248, 249, 251, 254, 255, 256, 258, 259, 262, 263, 264, 265, 271, 273, 275, 276, 277, 279, 285, 287, 288, 289, 290, 291, 292, 296, 298, 299, 301, 302, 303, 304, 305, 306, 307, 308, 310, 311, 312, 313, 314, 315, 316, 317, 322, 324, 326, 327, 330, 331, 332, 334, 336, 342, 344, 346, 348, 349, 352, 353, 355, 358, 359, 364, 365, 366, 368, 370, 371, 372, 375, 378, 380, 382, 383, 384, 386, 387, 391, 407, 410, 411, 414, 415, 417, 418, 419, 424, 425, 426, 427, 429, 430, 433, 434, 435, 438, 439, 441, 444, 447, 449, 450, 451, 452, 453, 454, 456, 458, 460, 461, 463, 465, 466, 471, 472, 473, 474, 475, 476, 477, 479, 481, 482
246, 247, 248, 249, 250, 251, 255, 256, 258, 259, 261, 262, 263, 264, 265, 271, 273, 275, 276, 277, 279, 284, 286, 287, 288, 289, 290, 291, 292, 295, 296, 297, 298, 299, 301, 302, 304, 305, 306, 307, 308, 310, 312, 313, 315, 316, 317, 320, 322, 324, 326, 327, 330, 331, 332, 342, 344, 346, 348, 349, 352, 353, 355, 357, 358, 359, 361, 364, 365, 366, 370, 375, 378, 379, 380, 382, 383, 384, 386, 387, 391, 392, 403, 407, 409, 410, 411, 414, 415, 417, 419, 423, 424, 425, 426, 427, 429, 430, 432, 433, 434, 435, 438, 439, 442, 444, 448, 449, 450, 451, 452, 453, 456, 458, 460, 461, 463, 465, 470, 471, 472, 473, 474, 475, 476, 477, 479, 480, 481, 482
246, 248, 249, 250, 256, 258, 259, 261, 262, 263, 265, 271, 273, 276, 277, 279, 285, 292, 299, 301, 302, 303, 307, 308, 310, 312, 326, 331, 342, 352, 353, 365, 375, 378, 379, 383, 384, 387, 424, 429, 430, 433, 438, 444, 452, 453, 458, 460, 461, 465, 471, 476, 477, 481
246, 247, 248, 249, 250, 254, 255, 258, 259, 261, 262, 265, 271, 273, 276, 284, 285, 290, 291, 292, 295, 297, 298, 301, 302, 303, 306, 307, 308, 310, 311, 312, 315, 316, 320, 322, 324, 327, 342, 344, 348, 352, 353, 355, 358, 359, 364, 365, 366, 370, 371, 378, 380, 382, 384, 386, 387, 403, 414, 419, 427, 433, 438, 447, 450, 452, 453, 461, 465, 471, 472, 474, 477, 481
245, 247, 248, 249, 251, 254, 255, 258, 259, 261, 262, 263, 264, 265, 271, 273, 275, 276, 277, 284, 285, 289, 291, 292, 297, 298, 301, 302, 303, 304, 306, 307, 308, 310, 312, 314, 315, 316, 320, 322, 324, 326, 327, 330, 331, 342, 344, 346, 348, 353, 355, 359, 361, 364, 365, 366, 370, 371, 372, 375, 378, 380, 382, 383, 384, 386, 387, 391, 392, 403, 407, 414, 418, 423, 427, 429, 430, 433, 435, 439, 444, 447, 448, 452, 453, 454, 456, 460, 461, 463, 465, 471, 472, 474, 475, 476, 477, 479, 480, 481, 482
246, 248, 249, 258, 262, 263, 265, 271, 273, 275, 279, 284, 285, 288, 292, 295, 296, 298, 301, 302, 304, 308, 310, 311, 322, 331, 332, 342, 353, 375, 382, 383, 433, 435, 444, 450, 452, 453, 460, 461, 481
245, 248, 249, 251, 254, 255, 256, 258, 259, 261, 262, 265, 275, 276, 281, 284, 285, 287, 292, 298, 299, 302, 303, 305, 306, 307, 308, 310, 312, 314, 315, 316, 322, 324, 326, 327, 330, 342, 344, 346, 348, 353, 355, 358, 359, 364, 365, 366, 370, 371, 382, 384, 386, 387, 407, 415, 418, 425, 432, 439, 441, 447, 451, 453, 454, 456, 461, 472, 473, 474, 480, 481
246, 247, 248, 249, 250, 251, 254, 255, 256, 258, 259, 262, 263, 264, 265, 271, 273, 275, 276, 277, 279, 284, 285, 287, 288, 292, 295, 296, 297, 298, 299, 301, 302, 303, 304, 305, 306, 307, 308, 310, 312, 313, 314, 315, 316, 317, 320, 322, 324, 326, 327, 330, 331, 334, 336, 342, 344, 346, 348, 349, 352, 353, 355, 358, 364, 365, 366, 368, 370, 371, 372, 375, 378, 379, 380, 382, 383, 384, 386, 387, 391, 392, 407, 409, 414, 418, 419, 423, 424, 426, 427, 429, 430, 433, 435, 438, 439, 444, 447, 448, 449, 450, 451, 452, 453, 460, 461, 463, 465, 466, 471, 472, 473, 474, 475, 476, 477, 479, 481, 482
245, 246, 247, 248, 249, 250, 251, 254, 255, 256, 258, 259, 261, 262, 263, 264, 265, 271, 273, 275, 276, 277, 279, 281, 284, 285, 286, 287, 288, 289, 290, 291, 295, 296, 297, 298, 299, 301, 302, 303, 304, 305, 306, 307, 308, 310, 311, 312, 313, 314, 315, 316, 317, 320, 322, 324, 326, 327, 330, 331, 332, 334, 336, 342, 344, 346, 348, 349, 352, 353, 355, 357, 358, 359, 361, 364, 365, 366, 368, 370, 371, 372, 375, 378, 379, 380, 382, 383, 384, 386, 387, 391, 392, 403, 407, 409, 410, 411, 414, 415, 417, 418, 419, 423, 424, 425, 426, 427, 429, 430, 432, 433, 434, 435, 438, 439, 441, 442, 444, 447, 448, 449, 450, 451, 452, 453, 454, 456, 458, 460, 461, 463, 465, 466, 470, 471, 472, 473, 474, 475, 476, 477, 479, 480, 481, 482


248, 249, 250, 258, 259, 262, 263, 265, 271, 273, 279, 285, 287, 289, 291, 292, 296, 299, 301, 302, 303, 306, 307, 308, 310, 311, 312, 322, 326, 332, 342, 344, 352, 353, 355, 365, 368, 375, 380, 382, 383, 384, 387, 417, 424, 426, 429, 430, 433, 435, 438, 444, 449, 452, 453, 454, 460, 461, 466, 472, 474, 476, 477, 479, 481
247, 248, 249, 250, 251, 254, 256, 258, 259, 262, 263, 264, 265, 271, 273, 275, 276, 277, 279, 284, 285, 289, 291, 292, 295, 298, 299, 301, 302, 304, 305, 306, 307, 308, 310, 312, 313, 314, 317, 322, 324, 326, 327, 330, 331, 332, 334, 336, 342, 344, 348, 349, 352, 353, 355, 364, 365, 368, 375, 378, 380, 382, 383, 384, 386, 387, 391, 407, 414, 417, 424, 429, 430, 433, 434, 435, 438, 439, 442, 444, 448, 450, 452, 453, 460, 461, 463, 465, 466, 470, 471, 472, 474, 476, 477, 479, 481, 482
247, 248, 249, 251, 258, 259, 262, 265, 273, 275, 277, 285, 287, 288, 291, 292, 302, 306, 307, 308, 312, 320, 322, 324, 327, 330, 331, 342, 344, 346, 348, 353, 355, 364, 366, 370, 378, 380, 384, 386, 387, 392, 403, 407, 414, 423, 427, 433, 439, 452, 461, 463, 465, 471, 472, 474, 476, 477, 480, 481, 482
245, 246, 248, 249, 250, 251, 254, 255, 256, 258, 259, 261, 262, 264, 265, 273, 275, 276, 281, 284, 285, 287, 288, 289, 290, 291, 292, 296, 299, 301, 302, 303, 304, 305, 306, 307, 308, 310, 312, 314, 315, 316, 322, 324, 326, 327, 330, 332, 336, 342, 344, 346, 348, 349, 352, 353, 355, 358, 359, 364, 365, 366, 370, 371, 372, 378, 382, 384, 386, 387, 391, 403, 407, 409, 410, 411, 414, 415, 417, 418, 419, 425, 426, 427, 430, 432, 433, 434, 438, 439, 441, 444, 447, 449, 450, 451, 453, 454, 456, 458, 461, 465, 471, 472, 473, 474, 475, 480, 481
245, 247, 248, 249, 251, 254, 255, 258, 259, 262, 263, 264, 265, 271, 273, 279, 284, 285, 286, 290, 291, 292, 295, 296, 298, 301, 302, 303, 304, 305, 306, 307, 308, 310, 312, 314, 316, 317, 322, 324, 326, 327, 332, 342, 348, 349, 352, 353, 355, 358, 364, 365, 366, 370, 371, 378, 382, 383, 384, 386, 387, 391, 407, 409, 410, 411, 415, 417, 418, 419, 423, 424, 425, 426, 429, 430, 433, 435, 438, 439, 441, 444, 447, 449, 451, 452, 453, 454, 458, 460, 461, 471, 472, 473, 474, 477, 479, 481

247, 248, 249, 250, 251, 254, 255, 256, 258, 259, 263, 264, 265, 271, 273, 276, 284, 285, 286, 287, 288, 289, 291, 292, 295, 296, 298, 299, 302, 303, 304, 305, 306, 307, 308, 310, 311, 312, 314, 315, 316, 317, 322, 324, 326, 327, 330, 332, 334, 336, 342, 344, 346, 348, 349, 352, 353, 355, 358, 359, 364, 365, 366, 368, 370, 371, 375, 378, 379, 380, 382, 383, 384, 386, 387, 391, 403, 407, 414, 415, 418, 419, 424, 425, 427, 429, 430, 433, 435, 438, 439, 444, 447, 448, 450, 452, 453, 456, 460, 461, 463, 465, 466, 471, 472, 474, 475, 476, 477, 479, 481, 482
245, 247, 248, 249, 250, 251, 254, 255, 258, 259, 261, 262, 263, 264, 265, 271, 273, 275, 276, 279, 284, 285, 286, 287, 288, 289, 290, 291, 292, 295, 296, 297, 298, 299, 301, 303, 304, 305, 306, 307, 308, 310, 312, 314, 315, 316, 320, 322, 324, 326, 327, 330, 331, 334, 336, 342, 344, 346, 348, 349, 352, 353, 355, 358, 359, 364, 365, 368, 370, 371, 372, 375, 378, 379, 380, 382, 383, 384, 386, 387, 391, 403, 407, 410, 411, 414, 415, 417, 418, 419, 424, 425, 427, 429, 430, 433, 434, 435, 438, 439, 441, 442, 444, 447, 448, 449, 450, 452, 453, 454, 456, 458, 460, 461, 463, 465, 466, 470, 471, 472, 474, 476, 477, 479, 480, 481, 482
245, 246, 248, 249, 250, 251, 254, 255, 256, 258, 259, 261, 262, 264, 265, 275, 276, 277, 281, 284, 286, 287, 288, 290, 291, 292, 295, 298, 299, 301, 302, 304, 306, 307, 308, 310, 312, 313, 314, 315, 316, 322, 324, 326, 327, 330, 334, 336, 342, 344, 346, 348, 349, 352, 353, 355, 358, 359, 361, 364, 365, 366, 368, 370, 371, 372, 378, 382, 384, 386, 387, 407, 410, 411, 414, 415, 418, 419, 425, 427, 432, 434, 438, 439, 441, 447, 450, 453, 454, 456, 458, 461, 463, 465, 472, 474, 475, 480, 481
245, 248, 249, 251, 254, 255, 256, 258, 259, 264, 265, 273, 275, 276, 284, 285, 288, 289, 291, 292, 296, 298, 299, 301, 302, 303, 305, 306, 307, 308, 310, 311, 315, 316, 322, 324, 326, 327, 330, 332, 334, 336, 342, 346, 348, 349, 352, 353, 355, 358, 364, 365, 366, 371, 378, 382, 384, 386, 387, 391, 407, 409, 410, 411, 414, 418, 419, 425, 426, 427, 432, 433, 438, 439, 444, 447, 449, 451, 452, 453, 454, 456, 458, 460, 461, 465, 471, 472, 473, 474, 475, 476, 481
247, 248, 249, 251, 255, 258, 259, 262, 263, 264, 265, 271, 273, 275, 279, 284, 285, 290, 291, 292, 296, 298, 299, 301, 302, 304, 306, 307, 308, 310, 316, 317, 322, 324, 326, 330, 331, 332, 342, 348, 349, 352, 353, 355, 358, 364, 365, 370, 378, 382, 383, 384, 386, 387, 391, 392, 407, 409, 410, 411, 414, 415, 424, 425, 426, 429, 430, 433, 435, 438, 439, 442, 444, 449, 450, 451, 452, 453, 458, 460, 461, 470, 471, 472, 473, 474, 476, 477, 479, 481
245, 246, 247, 248, 249, 250, 251, 254, 255, 256, 258, 259, 261, 262, 263, 264, 265, 271, 273, 275, 276, 277, 279, 284, 285, 287, 288, 290, 291, 292, 295, 296, 297, 298, 299, 301, 302, 303, 304, 305, 307, 308, 310, 312, 313, 314, 315, 316, 317, 320, 322, 324, 326, 327, 330, 331, 332, 334, 336, 342, 344, 346, 348, 349, 352, 353, 355, 357, 358, 359, 364, 365, 366, 368, 370, 371, 375, 378, 380, 382, 383, 384, 386, 387, 391, 392, 407, 409, 410, 411, 414, 415, 418, 419, 423, 425, 426, 427, 429, 430, 432, 433, 435, 438, 439, 444, 447, 448, 449, 450, 451, 452, 453, 456, 458, 460, 461, 463, 465, 466, 471, 472, 473, 474, 475, 476, 477, 479, 480, 481, 482
245, 246, 247, 248, 249, 250, 251, 254, 255, 256, 258, 259, 261, 262, 263, 264, 265, 271, 273, 275, 276, 277, 279, 284, 285, 286, 287, 288, 290, 291, 292, 295, 296, 297, 298, 299, 301, 302, 303, 304, 305, 306, 308, 310, 312, 313, 314, 315, 316, 320, 322, 324, 326, 327, 330, 331, 336, 342, 344, 346, 348, 349, 352, 353, 355, 358, 359, 361, 364, 365, 366, 368, 370, 371, 372, 375, 378, 379, 380, 382, 383, 384, 386, 387, 391, 392, 407, 414, 415, 417, 418, 419, 424, 425, 427, 429, 430, 433, 435, 438, 439, 444, 447, 448, 449, 450, 452, 453, 454, 456, 460, 461, 463, 465, 466, 471, 472, 474, 476, 477, 479, 480, 481, 482
245, 246, 247, 248, 249, 250, 251, 254, 255, 256, 258, 259, 261, 262, 263, 264, 265, 271, 273, 275, 276, 277, 279, 281, 284, 285, 286, 287, 288, 289, 290, 291, 292, 295, 296, 297, 298, 299, 301, 302, 303, 304, 305, 306, 307, 310, 311, 312, 313, 314, 315, 316, 317, 320, 322, 324, 326, 327, 330, 331, 332, 334, 336, 342, 344, 346, 348, 349, 352, 353, 355, 357, 358, 359, 361, 364, 365, 366, 368, 370, 371, 372, 375, 378, 379, 380, 382, 383, 384, 386, 387, 391, 392, 403, 407, 409, 410, 411, 414, 415, 417, 418, 419, 423, 424, 425, 426, 427, 429, 430, 432, 433, 434, 435, 438, 439, 441, 442, 444, 447, 448, 449, 450, 451, 452, 453, 454, 456, 458, 460, 461, 463, 465, 466, 470, 471, 472, 473, 474, 475, 476, 477, 479, 480, 481, 482

245, 246, 247, 248, 249, 250, 251, 254, 255, 256, 258, 259, 261, 262, 263, 264, 265, 271, 273, 275, 276, 277, 279, 281, 284, 285, 286, 287, 288, 289, 290, 291, 292, 295, 296, 298, 299, 301, 302, 303, 304, 305, 306, 307, 308, 311, 312, 313, 314, 315, 316, 317, 322, 324, 326, 327, 330, 331, 332, 334, 336, 342, 344, 346, 348, 349, 352, 353, 355, 357, 358, 359, 361, 364, 365, 366, 368, 370, 371, 372, 375, 378, 379, 380, 382, 383, 384, 386, 387, 391, 407, 409, 410, 411, 414, 415, 417, 418, 419, 423, 424, 425, 426, 427, 429, 430, 432, 433, 434, 435, 438, 439, 441, 444, 447, 448, 449, 450, 451, 452, 453, 454, 456, 458, 460, 461, 463, 465, 466, 471, 472, 473, 474, 475, 476, 477, 479, 480, 481, 482
248, 249, 254, 262, 263, 265, 271, 273, 279, 281, 284, 287, 289, 292, 295, 301, 304, 308, 310, 332, 342, 344, 353, 355, 365, 375, 383, 415, 417, 430, 433, 435, 444, 450, 453, 460, 466, 472, 481
245, 247, 248, 249, 250, 254, 255, 256, 258, 259, 261, 262, 263, 264, 265, 271, 273, 275, 276, 277, 279, 281, 284, 285, 286, 287, 288, 290, 291, 292, 295, 296, 297, 298, 299, 301, 302, 303, 306, 307, 308, 310, 313, 314, 315, 316, 320, 322, 324, 326, 327, 330, 331, 334, 342, 344, 346, 348, 349, 352, 353, 355, 358, 359, 361, 364, 365, 366, 368, 370, 371, 372, 378, 379, 382, 383, 384, 386, 387, 391, 392, 407, 414, 415, 418, 419, 423, 424, 425, 427, 429, 430, 432, 433, 435, 438, 439, 444, 447, 449, 452, 453, 456, 460, 461, 463, 465, 466, 471, 472, 474, 475, 476, 477, 479, 480, 481, 482
248, 249, 251, 256, 258, 259, 262, 263, 264, 265, 271, 273, 276, 277, 284, 285, 291, 292, 296, 303, 306, 307, 308, 310, 312, 314, 315, 326, 327, 331, 342, 344, 352, 353, 355, 364, 365, 368, 378, 384, 386, 387, 429, 430, 433, 438, 444, 453, 458, 460, 461, 466, 471, 476, 477, 480, 481, 482
245, 248, 249, 254, 255, 256, 258, 259, 261, 262, 264, 265, 271, 273, 275, 276, 277, 284, 288, 290, 291, 292, 296, 298, 299, 301, 302, 303, 306, 307, 308, 310, 312, 313, 315, 316, 322, 324, 326, 327, 331, 334, 342, 344, 346, 348, 349, 352, 353, 355, 358, 359, 364, 365, 366, 370, 371, 372, 378, 382, 384, 386, 387, 407, 414, 418, 419, 427, 429, 430, 433, 438, 439, 444, 447, 450, 453, 454, 456, 460, 461, 465, 466, 471, 472, 474, 475, 476, 477, 480, 481, 482
245, 247, 248, 249, 250, 251, 254, 255, 256, 258, 259, 261, 262, 263, 264, 265, 271, 273, 275, 276, 277, 281, 284, 285, 287, 288, 290, 291, 292, 298, 301, 302, 303, 304, 306, 307, 308, 310, 312, 313, 314, 316, 317, 322, 324, 326, 327, 330, 336, 342, 344, 346, 348, 349, 353, 355, 357, 358, 359, 361, 364, 365, 366, 368, 370, 371, 372, 378, 379, 382, 384, 386, 387, 407, 414, 415, 418, 424, 425, 427, 432, 433, 435, 438, 439, 441, 444, 447, 449, 450, 453, 454, 456, 460, 461, 463, 465, 466, 471, 472, 474, 475, 476, 477, 479, 480, 481, 482
245, 246, 248, 249, 250, 251, 254, 255, 256, 258, 259, 261, 262, 264, 265, 275, 276, 281, 284, 285, 287, 288, 290, 291, 292, 298, 299, 301, 302, 303, 304, 305, 306, 307, 308, 310, 312, 314, 315, 322, 324, 326, 327, 330, 334, 336, 342, 344, 346, 348, 349, 352, 353, 355, 358, 359, 364, 365, 366, 370, 371, 372, 378, 382, 384, 386, 387, 407, 410, 411, 414, 415, 417, 418, 419, 425, 427, 432, 434, 438, 439, 441, 447, 450, 451, 453, 454, 456, 458, 461, 465, 472, 473, 474, 475, 480, 481
247, 248, 249, 251, 254, 255, 258, 259, 263, 264, 265, 271, 273, 276, 279, 284, 285, 291, 292, 296, 299, 301, 305, 306, 308, 310, 315, 322, 327, 330, 342, 346, 348, 349, 353, 355, 364, 365, 371, 378, 382, 383, 384, 386, 387, 391, 407, 423, 426, 429, 430, 433, 435, 439, 444, 452, 453, 456, 460, 461, 463, 471, 472, 473, 474, 475, 476, 477, 479, 481, 482


247, 248, 249, 250, 251, 258, 259, 262, 265, 273, 275, 277, 285, 287, 288, 291, 292, 297, 302, 306, 307, 308, 312, 322, 324, 327, 330, 331, 342, 344, 346, 348, 352, 353, 355, 364, 366, 370, 378, 380, 384, 386, 387, 392, 403, 407, 414, 419, 423, 427, 433, 439, 452, 461, 463, 465, 471, 472, 474, 476, 477, 480, 481, 482

245, 246, 247, 248, 249, 250, 251, 254, 255, 256, 258, 259, 261, 262, 263, 265, 271, 273, 275, 276, 277, 279, 284, 285, 287, 288, 289, 290, 291, 292, 295, 296, 297, 298, 299, 301, 302, 303, 304, 305, 306, 307, 308, 310, 312, 314, 315, 316, 317, 320, 324, 326, 327, 330, 331, 332, 334, 336, 342, 344, 346, 348, 349, 352, 353, 355, 358, 359, 361, 364, 365, 366, 368, 370, 371, 375, 378, 379, 380, 382, 383, 384, 386, 387, 391, 392, 403, 407, 414, 415, 418, 419, 424, 425, 427, 429, 430, 433, 435, 438, 439, 444, 447, 448, 449, 450, 452, 453, 456, 460, 461, 463, 465, 466, 471, 472, 474, 475, 476, 477, 479, 480, 481, 482

245, 246, 247, 248, 249, 250, 251, 254, 255, 256, 258, 259, 261, 262, 263, 264, 265, 271, 273, 275, 276, 279, 281, 284, 285, 287, 288, 290, 291, 292, 296, 297, 298, 299, 301, 302, 303, 304, 305, 306, 307, 308, 310, 312, 314, 315, 316, 320, 322, 326, 327, 330, 334, 336, 342, 344, 346, 348, 349, 352, 353, 355, 358, 359, 364, 365, 366, 368, 370, 371, 372, 375, 378, 380, 382, 383, 384, 386, 387, 391, 407, 410, 411, 414, 415, 417, 418, 419, 423, 424, 425, 427, 429, 430, 432, 433, 434, 435, 438, 439, 441, 444, 447, 448, 450, 452, 453, 454, 456, 458, 460, 461, 463, 465, 466, 471, 472, 474, 475, 476, 477, 479, 480, 481, 482

245, 246, 248, 249, 250, 251, 254, 255, 256, 258, 259, 261, 262, 263, 264, 265, 271, 273, 275, 276, 277, 284, 285, 286, 288, 290, 291, 292, 295, 296, 298, 299, 301, 302, 303, 304, 305, 306, 307, 308, 310, 312, 313, 314, 315, 316, 322, 324, 327, 330, 331, 332, 342, 344, 348, 352, 353, 355, 358, 359, 364, 365, 366, 368, 370, 371, 375, 378, 379, 380, 382, 383, 384, 386, 387, 391, 409, 414, 418, 419, 426, 427, 429, 430, 433, 438, 444, 447, 450, 451, 452, 453, 456, 460, 461, 465, 466, 471, 472, 473, 474, 475, 476, 477, 480, 481, 482
245, 247, 248, 249, 250, 251, 254, 255, 256, 258, 259, 261, 262, 263, 264, 265, 271, 273, 275, 276, 277, 281, 284, 285, 287, 288, 290, 291, 292, 296, 297, 298, 299, 301, 302, 303, 304, 306, 307, 308, 310, 312, 313, 314, 315, 316, 317, 320, 322, 324, 326, 330, 331, 334, 336, 342, 344, 346, 348, 349, 352, 353, 355, 358, 359, 361, 364, 365, 366, 368, 370, 371, 372, 375, 378, 380, 382, 383, 384, 386, 387, 391, 407, 410, 414, 415, 417, 418, 423, 425, 427, 429, 430, 433, 435, 438, 439, 441, 444, 447, 448, 452, 453, 454, 456, 458, 460, 461, 463, 465, 466, 471, 474, 475, 476, 477, 479, 480, 481, 482


246, 247, 248, 249, 251, 254, 255, 258, 259, 261, 262, 263, 264, 265, 271, 273, 275, 276, 279, 284, 285, 288, 290, 291, 292, 296, 297, 298, 301, 302, 303, 304, 305, 306, 307, 308, 310, 312, 315, 316, 317, 320, 322, 324, 326, 327, 332, 342, 348, 352, 353, 355, 357, 358, 359, 361, 364, 365, 366, 370, 375, 378, 380, 382, 383, 384, 386, 387, 391, 407, 409, 410, 411, 414, 415, 423, 425, 426, 427, 429, 430, 433, 434, 435, 438, 439, 441, 444, 447, 448, 449, 450, 451, 452, 453, 456, 458, 460, 461, 463, 471, 472, 473, 474, 475, 476, 477, 479, 481, 482
247, 248, 249, 250, 251, 256, 258, 259, 262, 263, 264, 265, 271, 273, 275, 276, 277, 284, 285, 286, 288, 289, 291, 292, 296, 297, 302, 305, 306, 307, 308, 310, 312, 313, 314, 320, 322, 326, 327, 342, 344, 346, 348, 349, 352, 353, 355, 364, 365, 368, 378, 379, 380, 384, 386, 387, 391, 392, 403, 419, 429, 430, 433, 434, 435, 438, 439, 442, 444, 452, 453, 460, 461, 463, 465, 466, 471, 472, 474, 476, 477, 481, 482
248, 249, 254, 255, 258, 262, 263, 265, 271, 273, 276, 279, 284, 285, 289, 292, 295, 296, 298, 299, 301, 304, 305, 306, 308, 310, 311, 322, 326, 330, 342, 344, 348, 352, 353, 355, 357, 364, 365, 370, 371, 383, 384, 386, 391, 407, 409, 414, 415, 417, 426, 430, 433, 435, 439, 442, 444, 449, 450, 451, 453, 454, 456, 460, 461, 470, 472, 473, 474, 476, 481

245, 248, 251, 254, 255, 258, 259, 264, 265, 273, 276, 284, 291, 292, 296, 301, 302, 303, 304, 306, 308, 310, 312, 314, 316, 322, 324, 327, 336, 342, 346, 348, 352, 355, 358, 364, 365, 371, 378, 382, 384, 387, 391, 407, 410, 411, 415, 418, 425, 427, 433, 438, 439, 441, 447, 453, 458, 461, 471, 474, 481

245, 248, 250, 251, 254, 255, 258, 259, 261, 262, 264, 265, 273, 275, 276, 284, 291, 292, 296, 298, 301, 302, 303, 304, 306, 307, 308, 310, 315, 316, 322, 324, 327, 334, 342, 346, 348, 352, 353, 355, 358, 359, 364, 365, 370, 371, 378, 382, 384, 386, 387, 391, 403, 407, 410, 411, 414, 418, 425, 427, 433, 434, 438, 439, 447, 453, 456, 458, 461, 466, 471, 472, 474, 480, 481





245, 246, 247, 248, 249, 250, 251, 254, 255, 256, 258, 259, 261, 262, 263, 264, 265, 271, 273, 275, 276, 277, 279, 281, 284, 285, 286, 287, 288, 289, 290, 291, 292, 295, 296, 297, 298, 299, 301, 302, 303, 304, 305, 306, 307, 308, 310, 311, 312, 313, 314, 315, 316, 317, 320, 322, 324, 326, 327, 330, 331, 332, 334, 336, 344, 346, 348, 349, 352, 353, 355, 357, 358, 359, 361, 364, 365, 366, 368, 370, 371, 372, 375, 378, 379, 380, 382, 383, 384, 386, 387, 391, 392, 403, 407, 409, 410, 411, 414, 415, 417, 418, 419, 423, 424, 425, 426, 427, 429, 430, 432, 433, 434, 435, 438, 439, 441, 442, 444, 447, 448, 449, 450, 451, 452, 453, 454, 456, 458, 460, 461, 463, 465, 466, 470, 471, 472, 473, 474, 475, 476, 477, 479, 480, 481, 482

246, 247, 248, 249, 250, 251, 254, 255, 256, 258, 259, 261, 262, 263, 264, 265, 271, 273, 276, 277, 279, 284, 285, 287, 288, 290, 291, 292, 295, 296, 297, 298, 301, 302, 303, 306, 307, 308, 310, 311, 312, 313, 314, 315, 316, 320, 322, 324, 326, 327, 331, 332, 342, 348, 352, 353, 355, 358, 359, 361, 364, 365, 370, 375, 378, 380, 382, 383, 384, 386, 387, 414, 427, 429, 430, 433, 435, 438, 444, 447, 450, 452, 453, 460, 461, 465, 466, 471, 476, 477, 480, 481, 482

245, 247, 248, 251, 254, 255, 258, 259, 262, 264, 265, 273, 276, 277, 284, 285, 288, 290, 291, 292, 297, 298, 301, 302, 303, 304, 306, 307, 308, 310, 312, 314, 315, 316, 317, 320, 322, 324, 327, 331, 334, 336, 342, 348, 352, 353, 355, 358, 361, 364, 365, 370, 371, 372, 378, 380, 382, 384, 386, 387, 391, 392, 403, 407, 410, 411, 414, 415, 418, 425, 427, 433, 434, 438, 439, 441, 447, 450, 452, 453, 458, 461, 465, 471, 472, 474, 476, 477, 480, 481, 482

245, 246, 247, 248, 249, 250, 251, 254, 255, 256, 258, 259, 262, 263, 264, 265, 271, 273, 276, 277, 279, 284, 285, 287, 288, 290, 291, 292, 296, 297, 298, 299, 301, 302, 303, 304, 305, 306, 307, 308, 310, 312, 314, 315, 316, 317, 320, 322, 324, 326, 327, 330, 331, 332, 334, 336, 342, 344, 346, 349, 352, 353, 355, 357, 358, 359, 361, 364, 365, 366, 368, 370, 371, 372, 375, 378, 380, 382, 383, 384, 386, 387, 391, 392, 407, 409, 410, 411, 414, 415, 417, 418, 419, 423, 424, 425, 426, 427, 429, 430, 433, 435, 438, 439, 441, 444, 447, 448, 449, 450, 451, 452, 453, 454, 456, 458, 460, 461, 463, 465, 471, 472, 473, 474, 475, 476, 477, 479, 480, 481, 482
246, 247, 248, 249, 251, 254, 255, 256, 258, 259, 262, 263, 265, 271, 273, 277, 279, 284, 285, 291, 292, 296, 298, 299, 301, 302, 303, 304, 305, 306, 307, 308, 310, 312, 314, 315, 316, 317, 322, 324, 327, 331, 342, 348, 352, 353, 355, 358, 364, 365, 366, 368, 370, 371, 372, 375, 380, 382, 383, 384, 386, 387, 391, 392, 407, 414, 417, 418, 419, 424, 429, 430, 433, 435, 438, 439, 444, 447, 449, 452, 453, 454, 460, 461, 465, 466, 472, 474, 476, 477, 479, 481, 482


245, 247, 248, 249, 250, 254, 255, 256, 258, 259, 261, 262, 264, 265, 271, 273, 275, 276, 277, 281, 284, 285, 286, 287, 291, 292, 295, 296, 298, 299, 301, 302, 303, 304, 305, 306, 307, 308, 310, 312, 313, 314, 316, 320, 322, 324, 326, 327, 330, 331, 332, 334, 336, 342, 344, 346, 348, 349, 353, 355, 358, 364, 365, 366, 368, 371, 372, 378, 379, 382, 384, 386, 387, 391, 392, 407, 414, 415, 417, 418, 419, 425, 426, 427, 432, 433, 438, 439, 441, 447, 450, 451, 453, 454, 456, 461, 463, 465, 471, 472, 473, 474, 475, 476, 477, 480, 481
245, 246, 247, 248, 249, 250, 251, 254, 255, 256, 258, 259, 261, 262, 263, 264, 265, 271, 273, 275, 276, 277, 279, 281, 284, 285, 286, 287, 288, 289, 290, 291, 292, 295, 296, 297, 298, 299, 301, 302, 303, 304, 305, 306, 307, 308, 310, 311, 312, 313, 314, 315, 316, 317, 320, 322, 324, 326, 327, 330, 331, 332, 336, 342, 344, 346, 348, 349, 352, 355, 358, 359, 361, 364, 365, 366, 368, 370, 371, 372, 375, 378, 379, 380, 382, 383, 384, 386, 387, 391, 392, 403, 407, 410, 411, 414, 415, 417, 418, 419, 423, 424, 426, 427, 429, 430, 432, 433, 434, 435, 438, 439, 441, 442, 444, 447, 448, 449, 450, 451, 452, 453, 454, 456, 458, 460, 461, 463, 465, 466, 470, 471, 472, 473, 474, 476, 477, 479, 480, 481, 482

246, 247, 248, 249, 250, 251, 254, 255, 256, 258, 259, 262, 263, 264, 265, 271, 273, 275, 276, 277, 279, 284, 285, 287, 288, 290, 291, 292, 295, 296, 297, 298, 299, 301, 302, 303, 304, 305, 306, 307, 308, 310, 311, 312, 313, 314, 315, 316, 317, 320, 322, 324, 326, 327, 330, 331, 332, 334, 336, 342, 344, 346, 348, 349, 352, 353, 357, 358, 359, 361, 364, 365, 366, 368, 370, 371, 372, 375, 378, 379, 380, 382, 383, 384, 386, 387, 391, 392, 407, 409, 414, 415, 417, 418, 419, 423, 424, 426, 427, 429, 430, 433, 435, 438, 439, 442, 444, 447, 448, 449, 450, 451, 452, 453, 454, 456, 460, 461, 463, 465, 470, 471, 472, 473, 474, 475, 476, 477, 479, 480, 481, 482

248, 249, 251, 254, 255, 265, 285, 292, 306, 308, 310, 315, 330, 332, 342, 348, 355, 364, 365, 370, 371, 382, 384, 407, 409, 426, 439, 451, 453, 454, 456, 473, 474, 481
245, 246, 248, 249, 250, 254, 255, 256, 258, 259, 261, 262, 264, 265, 275, 276, 281, 284, 285, 287, 290, 291, 292, 298, 299, 301, 302, 303, 304, 305, 306, 307, 308, 310, 312, 314, 315, 316, 322, 324, 326, 327, 330, 334, 336, 342, 344, 346, 348, 349, 352, 353, 355, 359, 364, 365, 366, 370, 371, 372, 378, 382, 384, 386, 387, 407, 410, 411, 414, 415, 417, 418, 419, 425, 427, 432, 434, 438, 439, 441, 447, 450, 451, 453, 454, 456, 458, 461, 465, 472, 473, 474, 475, 480, 481
245, 248, 249, 254, 255, 256, 258, 259, 261, 262, 265, 273, 275, 276, 281, 284, 285, 287, 288, 290, 292, 298, 301, 302, 303, 306, 307, 308, 310, 312, 314, 315, 316, 322, 324, 326, 327, 330, 336, 342, 344, 348, 353, 355, 358, 364, 365, 366, 370, 371, 378, 382, 384, 386, 387, 414, 415, 418, 425, 427, 432, 441, 447, 453, 456, 461, 465, 477, 481

248, 259, 262, 263, 264, 265, 271, 273, 275, 276, 285, 288, 292, 303, 307, 308, 310, 312, 315, 322, 327, 330, 342, 344, 346, 348, 353, 355, 364, 365, 375, 378, 382, 383, 384, 386, 387, 391, 414, 423, 429, 433, 435, 439, 444, 448, 449, 452, 453, 456, 460, 461, 463, 466, 471, 472, 476, 477, 479, 480, 481, 482


245, 246, 247, 248, 249, 250, 251, 254, 255, 256, 258, 259, 261, 262, 263, 264, 265, 271, 273, 275, 276, 277, 279, 284, 285, 287, 288, 290, 291, 292, 296, 297, 298, 299, 301, 302, 303, 304, 305, 306, 307, 308, 310, 312, 313, 314, 315, 316, 317, 320, 322, 324, 326, 327, 330, 331, 332, 334, 336, 342, 344, 346, 348, 349, 352, 353, 355, 357, 358, 359, 361, 365, 366, 368, 370, 371, 372, 375, 378, 379, 380, 382, 383, 384, 386, 387, 391, 392, 407, 409, 410, 411, 414, 415, 417, 418, 419, 423, 424, 425, 426, 427, 429, 430, 433, 435, 438, 439, 444, 447, 448, 449, 450, 451, 452, 453, 456, 458, 460, 461, 463, 465, 466, 471, 472, 473, 474, 475, 476, 477, 479, 480, 481, 482
245, 246, 247, 248, 249, 250, 251, 254, 255, 256, 258, 259, 261, 262, 263, 264, 265, 271, 273, 275, 276, 277, 281, 284, 285, 286, 287, 288, 290, 291, 292, 295, 296, 298, 299, 301, 302, 303, 304, 305, 306, 307, 308, 310, 311, 312, 313, 314, 315, 316, 317, 322, 324, 326, 327, 330, 331, 332, 334, 336, 342, 344, 346, 348, 349, 352, 353, 355, 357, 358, 359, 361, 364, 366, 368, 370, 371, 372, 375, 378, 379, 380, 382, 383, 384, 386, 387, 391, 407, 409, 410, 411, 414, 415, 417, 418, 419, 423, 424, 425, 426, 427, 429, 430, 432, 433, 434, 438, 439, 441, 444, 447, 448, 450, 451, 452, 453, 454, 456, 458, 460, 461, 463, 465, 466, 471, 472, 473, 474, 475, 476, 477, 479, 480, 481, 482
245, 247, 248, 249, 254, 255, 256, 258, 259, 261, 262, 264, 265, 271, 273, 276, 281, 284, 285, 287, 288, 290, 291, 292, 297, 298, 299, 301, 303, 304, 306, 307, 308, 310, 312, 314, 315, 316, 320, 322, 324, 326, 327, 330, 342, 348, 349, 352, 353, 355, 358, 359, 364, 365, 370, 371, 372, 378, 380, 382, 384, 386, 387, 391, 407, 410, 414, 415, 417, 418, 419, 425, 427, 429, 430, 432, 433, 434, 438, 441, 447, 450, 452, 453, 454, 456, 461, 463, 465, 471, 474, 475, 477, 481, 482

248, 249, 250, 251, 256, 258, 259, 261, 262, 264, 265, 271, 273, 276, 277, 279, 284, 291, 292, 295, 296, 301, 302, 303, 306, 307, 308, 310, 312, 313, 315, 322, 324, 326, 327, 331, 342, 348, 349, 352, 353, 355, 364, 365, 375, 378, 379, 380, 382, 383, 384, 386, 387, 391, 407, 410, 411, 424, 429, 430, 433, 438, 439, 444, 448, 449, 452, 453, 456, 458, 460, 461, 465, 466, 471, 474, 476, 477, 479, 481, 482

245, 247, 248, 249, 251, 254, 255, 256, 258, 259, 261, 262, 265, 273, 275, 276, 284, 285, 287, 288, 290, 291, 292, 297, 298, 299, 301, 302, 303, 305, 306, 307, 308, 310, 312, 314, 315, 316, 320, 322, 324, 326, 327, 330, 332, 336, 342, 344, 346, 348, 349, 353, 355, 357, 358, 359, 364, 365, 366, 371, 380, 382, 384, 386, 387, 391, 392, 407, 409, 414, 415, 418, 425, 426, 433, 439, 447, 451, 452, 453, 454, 456, 461, 465, 473, 474, 480, 481, 482
245, 246, 248, 251, 254, 255, 256, 258, 259, 261, 262, 264, 265, 275, 276, 281, 284, 287, 288, 290, 291, 292, 298, 299, 301, 302, 303, 304, 306, 307, 308, 310, 312, 314, 315, 316, 317, 322, 324, 326, 327, 332, 334, 336, 342, 346, 348, 349, 352, 353, 355, 357, 358, 359, 364, 365, 366, 370, 372, 378, 382, 384, 386, 387, 407, 410, 411, 414, 415, 418, 419, 425, 427, 432, 434, 438, 439, 441, 447, 450, 453, 454, 456, 458, 461, 465, 472, 474, 475, 480, 481
248, 249, 250, 254, 255, 256, 258, 259, 265, 271, 273, 284, 288, 291, 292, 298, 302, 303, 307, 308, 310, 312, 314, 315, 316, 324, 327, 342, 346, 348, 349, 352, 353, 355, 358, 364, 365, 366, 371, 378, 379, 384, 386, 387, 391, 407, 414, 418, 419, 427, 433, 438, 439, 447, 453, 461, 463, 465, 471, 472, 474, 476, 481, 482


248, 249, 250, 259, 263, 264, 265, 271, 273, 276, 279, 284, 285, 286, 288, 289, 291, 292, 295, 296, 301, 302, 306, 307, 308, 310, 311, 322, 324, 326, 327, 330, 342, 344, 348, 349, 353, 355, 361, 364, 365, 368, 378, 379, 380, 382, 383, 384, 386, 387, 391, 414, 419, 423, 429, 430, 433, 435, 438, 439, 444, 448, 452, 453, 454, 460, 461, 465, 466, 471, 472, 474, 476, 477, 479, 481, 482


245, 246, 247, 248, 249, 250, 251, 254, 255, 256, 258, 259, 261, 262, 263, 264, 265, 271, 273, 275, 276, 277, 279, 284, 285, 286, 287, 288, 291, 292, 296, 297, 298, 299, 301, 302, 303, 304, 305, 306, 307, 308, 310, 312, 313, 314, 315, 316, 317, 320, 322, 324, 326, 327, 330, 331, 334, 336, 342, 344, 346, 348, 352, 353, 355, 358, 359, 361, 364, 365, 366, 368, 371, 372, 375, 379, 380, 382, 383, 384, 386, 387, 391, 407, 410, 414, 418, 423, 424, 425, 426, 427, 429, 430, 433, 435, 438, 439, 442, 444, 447, 448, 449, 452, 453, 458, 460, 461, 463, 466, 470, 471, 472, 473, 474, 475, 476, 477, 479, 480, 481, 482
246, 248, 249, 250, 251, 256, 258, 259, 262, 263, 265, 271, 273, 276, 277, 279, 285, 286, 291, 292, 301, 302, 307, 308, 310, 312, 315, 322, 326, 331, 342, 352, 353, 355, 364, 365, 368, 372, 375, 378, 383, 384, 386, 387, 414, 424, 429, 430, 433, 438, 444, 449, 452, 453, 460, 461, 465, 466, 471, 472, 476, 477, 479, 481, 482
246, 247, 248, 249, 250, 258, 259, 262, 263, 264, 265, 271, 273, 275, 276, 279, 284, 285, 287, 288, 291, 292, 295, 296, 297, 301, 302, 306, 307, 308, 310, 320, 322, 324, 326, 327, 330, 331, 342, 344, 346, 348, 349, 353, 355, 364, 365, 366, 368, 370, 375, 378, 382, 383, 384, 386, 387, 391, 414, 423, 427, 429, 430, 433, 435, 439, 444, 448, 450, 452, 453, 460, 461, 463, 465, 466, 471, 472, 474, 475, 476, 477, 479, 481, 482

245, 247, 248, 249, 250, 251, 254, 255, 256, 258, 259, 261, 262, 263, 264, 265, 271, 273, 275, 276, 279, 284, 285, 287, 288, 289, 290, 291, 292, 295, 296, 298, 299, 301, 302, 303, 304, 305, 306, 307, 308, 310, 312, 314, 315, 316, 317, 322, 324, 326, 327, 330, 334, 336, 342, 344, 346, 348, 349, 352, 353, 355, 357, 358, 359, 361, 364, 365, 366, 368, 370, 371, 375, 378, 380, 383, 384, 386, 387, 391, 403, 407, 410, 411, 414, 415, 417, 418, 423, 424, 425, 427, 429, 430, 433, 434, 435, 438, 439, 441, 444, 447, 448, 449, 452, 453, 454, 456, 458, 460, 461, 463, 465, 466, 471, 472, 474, 475, 476, 477, 479, 480, 481, 482
246, 247, 248, 249, 250, 251, 258, 259, 262, 263, 264, 265, 271, 273, 276, 279, 284, 285, 286, 288, 289, 291, 292, 295, 296, 299, 301, 302, 305, 306, 307, 308, 310, 311, 312, 317, 322, 324, 326, 327, 330, 332, 342, 344, 348, 349, 353, 355, 361, 364, 365, 368, 375, 378, 379, 380, 382, 384, 386, 387, 391, 407, 414, 417, 419, 423, 424, 429, 430, 433, 435, 438, 439, 444, 448, 452, 453, 454, 460, 461, 465, 466, 471, 472, 474, 476, 477, 479, 481, 482
245, 246, 247, 248, 249, 250, 251, 254, 255, 256, 258, 259, 261, 262, 263, 264, 265, 271, 273, 275, 276, 277, 281, 284, 285, 286, 287, 288, 290, 291, 292, 295, 296, 297, 298, 299, 301, 302, 303, 304, 305, 306, 307, 308, 310, 312, 313, 314, 315, 316, 317, 320, 322, 324, 326, 327, 330, 331, 332, 334, 336, 342, 344, 346, 348, 349, 352, 353, 355, 357, 358, 359, 361, 364, 365, 366, 368, 370, 371, 372, 375, 378, 379, 380, 382, 383, 386, 387, 391, 392, 407, 409, 410, 411, 414, 415, 417, 418, 419, 423, 424, 425, 426, 427, 429, 430, 432, 433, 434, 435, 438, 439, 441, 442, 444, 447, 448, 450, 451, 452, 453, 454, 456, 458, 460, 461, 463, 465, 470, 471, 472, 473, 474, 475, 476, 477, 479, 480, 481, 482

245, 247, 248, 249, 250, 251, 254, 255, 256, 258, 259, 261, 262, 263, 264, 265, 271, 273, 275, 276, 277, 279, 284, 285, 287, 288, 290, 291, 292, 296, 297, 298, 299, 301, 302, 303, 304, 305, 306, 307, 308, 310, 312, 313, 314, 315, 316, 317, 320, 322, 324, 326, 327, 330, 331, 332, 336, 342, 344, 346, 348, 349, 352, 353, 355, 358, 359, 361, 364, 365, 366, 368, 370, 371, 372, 375, 378, 379, 380, 382, 383, 384, 387, 391, 392, 407, 414, 415, 417, 418, 419, 423, 424, 427, 429, 430, 433, 435, 438, 439, 442, 444, 447, 448, 449, 450, 452, 453, 454, 456, 460, 461, 463, 465, 466, 470, 471, 472, 474, 475, 476, 477, 479, 480, 481, 482
245, 246, 247, 248, 249, 250, 251, 254, 255, 256, 258, 259, 261, 262, 263, 264, 265, 271, 273, 275, 276, 277, 279, 284, 285, 286, 287, 288, 290, 291, 292, 295, 296, 297, 298, 299, 301, 302, 303, 304, 305, 306, 307, 308, 310, 312, 313, 314, 315, 316, 317, 320, 322, 324, 326, 327, 330, 331, 334, 336, 342, 344, 346, 348, 349, 352, 353, 355, 358, 359, 361, 364, 365, 366, 368, 370, 371, 372, 375, 378, 379, 380, 382, 383, 384, 386, 391, 392, 407, 410, 411, 414, 415, 418, 419, 423, 424, 425, 426, 427, 429, 430, 433, 435, 438, 439, 444, 447, 448, 449, 452, 453, 456, 458, 460, 461, 463, 465, 466, 471, 472, 473, 474, 475, 476, 477, 479, 480, 481, 482



247, 248, 249, 250, 251, 254, 258, 259, 262, 263, 264, 265, 271, 273, 276, 277, 279, 284, 285, 288, 291, 292, 296, 298, 299, 301, 302, 304, 305, 306, 307, 308, 310, 312, 317, 322, 324, 326, 327, 330, 331, 332, 334, 336, 342, 346, 348, 349, 352, 353, 355, 361, 364, 365, 366, 368, 370, 372, 375, 378, 380, 382, 383, 384, 386, 387, 407, 409, 414, 417, 418, 419, 423, 424, 426, 427, 429, 430, 433, 435, 438, 439, 444, 448, 449, 451, 452, 453, 454, 460, 461, 463, 465, 471, 472, 473, 474, 475, 476, 477, 479, 480, 481
247, 248, 249, 251, 258, 259, 262, 265, 273, 276, 277, 285, 288, 291, 292, 297, 305, 306, 307, 308, 312, 320, 322, 331, 342, 346, 348, 349, 352, 353, 355, 364, 370, 384, 386, 387, 407, 409, 414, 426, 427, 433, 439, 442, 451, 452, 461, 470, 472, 473, 476, 477, 480, 481, 482










247, 248, 258, 262, 265, 273, 275, 285, 287, 288, 292, 297, 298, 301, 302, 308, 320, 322, 331, 336, 342, 346, 353, 382, 433, 452, 461, 465, 481, 482



245, 247, 248, 249, 250, 251, 254, 255, 256, 258, 259, 263, 264, 265, 271, 273, 276, 279, 284, 285, 288, 290, 291, 292, 296, 297, 298, 299, 301, 302, 303, 304, 305, 306, 307, 308, 310, 312, 314, 315, 316, 317, 320, 322, 324, 327, 330, 332, 334, 336, 342, 346, 348, 349, 352, 353, 355, 357, 358, 364, 365, 366, 368, 370, 371, 372, 378, 382, 383, 384, 386, 387, 391, 392, 409, 410, 411, 414, 415, 417, 418, 419, 424, 425, 426, 427, 429, 430, 433, 435, 438, 439, 441, 444, 447, 449, 451, 452, 453, 454, 456, 458, 460, 461, 463, 465, 471, 472, 473, 474, 475, 477, 479, 481

247, 248, 249, 255, 258, 265, 273, 285, 291, 292, 298, 299, 304, 305, 306, 308, 310, 326, 330, 332, 342, 348, 355, 357, 364, 365, 370, 384, 391, 392, 407, 414, 426, 433, 439, 444, 450, 451, 452, 453, 456, 460, 461, 473, 474, 476, 481
245, 247, 248, 249, 254, 255, 256, 258, 264, 265, 275, 276, 284, 285, 292, 298, 299, 302, 303, 304, 305, 306, 308, 310, 316, 324, 327, 330, 334, 336, 342, 346, 348, 353, 358, 364, 365, 366, 368, 371, 378, 382, 384, 387, 407, 418, 427, 438, 439, 447, 453, 461, 463, 465, 470, 473, 474, 475, 480, 481
247, 248, 249, 254, 255, 256, 258, 265, 275, 276, 277, 284, 285, 292, 298, 299, 302, 303, 304, 305, 306, 308, 310, 316, 324, 330, 334, 336, 342, 346, 348, 353, 358, 364, 365, 368, 371, 382, 384, 387, 407, 418, 427, 438, 439, 447, 453, 461, 463, 465, 474, 480, 481


247, 248, 249, 250, 251, 254, 255, 256, 258, 259, 262, 263, 264, 265, 271, 273, 275, 276, 277, 279, 284, 285, 287, 288, 291, 292, 296, 297, 298, 301, 302, 303, 304, 305, 306, 307, 308, 310, 312, 314, 315, 316, 320, 322, 324, 326, 327, 330, 332, 336, 342, 344, 346, 348, 349, 352, 353, 355, 358, 359, 361, 364, 365, 366, 370, 371, 372, 375, 378, 379, 380, 382, 383, 384, 386, 387, 391, 392, 407, 409, 415, 418, 419, 423, 424, 426, 427, 429, 430, 433, 435, 438, 439, 444, 447, 448, 451, 452, 453, 454, 456, 460, 461, 463, 465, 466, 471, 472, 473, 474, 475, 476, 477, 479, 480, 481, 482
245, 246, 248, 249, 254, 255, 256, 258, 259, 261, 262, 265, 273, 275, 276, 281, 284, 285, 290, 292, 298, 299, 301, 302, 303, 305, 306, 307, 308, 310, 311, 312, 315, 316, 322, 324, 327, 330, 332, 334, 342, 346, 348, 352, 353, 355, 358, 359, 364, 365, 366, 370, 371, 382, 384, 386, 387, 407, 414, 418, 419, 427, 430, 438, 439, 447, 450, 453, 461, 465, 473, 474, 475, 480, 481

247, 248, 249, 250, 254, 255, 256, 258, 259, 262, 263, 265, 271, 273, 279, 284, 285, 292, 295, 296, 298, 299, 302, 307, 308, 310, 311, 316, 324, 327, 332, 342, 348, 349, 352, 353, 355, 358, 364, 365, 366, 382, 383, 384, 386, 391, 407, 419, 433, 435, 438, 439, 444, 449, 450, 452, 453, 460, 461, 474, 477, 481
245, 248, 251, 254, 255, 256, 258, 259, 261, 262, 264, 265, 273, 275, 276, 284, 288, 290, 291, 292, 298, 299, 301, 302, 303, 304, 306, 307, 308, 310, 312, 314, 315, 316, 322, 324, 326, 327, 334, 336, 342, 346, 348, 349, 352, 353, 355, 358, 359, 364, 365, 366, 370, 371, 372, 378, 382, 384, 386, 387, 391, 407, 410, 411, 414, 415, 419, 425, 427, 433, 434, 438, 439, 441, 447, 453, 454, 456, 458, 461, 465, 471, 472, 474, 475, 480, 481
247, 248, 249, 250, 254, 255, 256, 258, 259, 262, 263, 265, 271, 273, 276, 277, 279, 284, 285, 287, 291, 292, 298, 299, 301, 302, 303, 304, 306, 307, 308, 310, 312, 314, 316, 320, 322, 324, 326, 331, 342, 348, 349, 352, 353, 355, 358, 364, 365, 366, 371, 372, 375, 383, 384, 386, 387, 391, 407, 414, 415, 417, 418, 424, 427, 429, 430, 433, 438, 444, 447, 452, 453, 454, 456, 460, 461, 463, 465, 474, 476, 477, 481



247, 248, 249, 258, 259, 262, 263, 264, 265, 271, 273, 276, 285, 288, 291, 292, 297, 299, 306, 308, 310, 312, 317, 320, 324, 327, 330, 342, 348, 353, 355, 361, 364, 365, 375, 378, 380, 382, 383, 384, 386, 387, 391, 414, 424, 429, 430, 433, 435, 438, 439, 444, 448, 452, 453, 460, 461, 463, 471, 474, 475, 476, 477, 479, 481, 482
247, 248, 249, 250, 251, 258, 259, 262, 263, 264, 265, 271, 273, 276, 279, 284, 285, 286, 291, 292, 295, 296, 299, 301, 302, 305, 307, 308, 310, 312, 315, 322, 324, 342, 348, 349, 353, 355, 364, 365, 368, 378, 379, 382, 383, 384, 386, 387, 391, 407, 414, 419, 423, 426, 429, 430, 433, 435, 438, 439, 444, 449, 452, 453, 460, 461, 466, 471, 472, 473, 474, 476, 477, 479, 481, 482
245, 248, 249, 254, 255, 256, 258, 259, 264, 265, 276, 284, 285, 290, 292, 298, 299, 301, 302, 303, 304, 305, 306, 307, 308, 310, 312, 315, 316, 322, 324, 327, 330, 334, 336, 342, 346, 348, 352, 358, 359, 364, 365, 366, 370, 371, 378, 382, 384, 387, 407, 418, 427, 434, 438, 439, 441, 447, 450, 453, 458, 461, 473, 474, 481
247, 248, 249, 250, 255, 258, 259, 262, 263, 265, 271, 273, 277, 284, 285, 291, 292, 295, 298, 299, 304, 305, 306, 308, 310, 317, 326, 330, 332, 342, 348, 352, 353, 355, 357, 364, 365, 370, 378, 384, 387, 391, 392, 407, 409, 414, 424, 433, 438, 439, 442, 444, 450, 451, 452, 453, 456, 460, 461, 470, 471, 472, 473, 474, 476, 477, 481
245, 247, 248, 249, 250, 251, 254, 255, 256, 258, 259, 262, 264, 265, 273, 275, 276, 277, 284, 285, 287, 288, 291, 292, 297, 298, 301, 302, 303, 304, 306, 307, 308, 310, 312, 314, 315, 316, 320, 322, 324, 326, 327, 330, 334, 336, 342, 344, 346, 348, 352, 353, 355, 358, 359, 364, 365, 366, 371, 372, 378, 380, 382, 384, 386, 387, 391, 392, 407, 410, 411, 414, 415, 418, 419, 425, 433, 438, 439, 441, 447, 452, 453, 454, 456, 458, 461, 465, 471, 472, 474, 476, 477, 480, 481, 482

246, 247, 248, 249, 251, 256, 258, 259, 262, 263, 264, 265, 271, 273, 276, 277, 279, 284, 285, 286, 288, 291, 292, 295, 296, 299, 301, 302, 305, 306, 307, 308, 310, 312, 313, 314, 317, 322, 324, 326, 327, 330, 331, 342, 344, 348, 349, 353, 355, 361, 364, 365, 366, 368, 375, 378, 379, 380, 382, 383, 384, 386, 387, 391, 407, 414, 419, 423, 424, 430, 433, 435, 438, 439, 444, 448, 452, 453, 460, 461, 466, 471, 474, 476, 477, 479, 481, 482
246, 247, 248, 249, 251, 254, 256, 258, 259, 262, 263, 264, 265, 271, 273, 277, 279, 284, 285, 286, 288, 291, 292, 295, 296, 298, 299, 301, 302, 305, 306, 307, 308, 310, 311, 312, 313, 314, 317, 322, 324, 326, 327, 330, 331, 332, 342, 344, 348, 349, 353, 355, 364, 365, 366, 368, 375, 378, 379, 380, 382, 383, 384, 386, 387, 391, 407, 414, 415, 419, 423, 424, 429, 433, 435, 438, 439, 444, 450, 452, 453, 460, 461, 466, 471, 474, 476, 477, 479, 481, 482

246, 249, 254, 255, 256, 259, 261, 262, 265, 276, 281, 285, 290, 292, 298, 303, 304, 306, 308, 310, 312, 315, 316, 324, 342, 352, 353, 358, 359, 365, 366, 371, 384, 441, 447, 453, 461, 481
246, 247, 248, 249, 250, 251, 254, 256, 258, 259, 262, 263, 264, 265, 271, 273, 275, 276, 277, 279, 284, 285, 286, 287, 288, 289, 291, 292, 295, 296, 297, 298, 299, 301, 302, 304, 305, 306, 307, 308, 310, 311, 312, 313, 314, 315, 317, 320, 322, 324, 326, 327, 330, 331, 332, 334, 336, 342, 344, 346, 348, 349, 352, 353, 355, 361, 364, 365, 366, 368, 370, 372, 375, 378, 379, 380, 382, 383, 384, 386, 387, 391, 392, 403, 407, 409, 414, 417, 418, 419, 423, 424, 426, 427, 429, 430, 434, 435, 438, 439, 442, 444, 448, 449, 450, 451, 452, 453, 454, 460, 461, 463, 465, 466, 470, 471, 472, 473, 474, 475, 476, 477, 479, 480, 481, 482
247, 248, 254, 255, 256, 258, 265, 273, 275, 276, 284, 285, 292, 296, 298, 302, 303, 308, 310, 316, 324, 330, 331, 336, 342, 346, 353, 358, 365, 366, 371, 382, 384, 418, 425, 433, 447, 461, 465, 481
247, 248, 249, 250, 251, 258, 259, 262, 263, 264, 265, 271, 273, 277, 279, 284, 285, 288, 289, 291, 292, 295, 296, 299, 301, 302, 305, 306, 307, 308, 310, 311, 312, 315, 317, 322, 324, 327, 330, 331, 332, 342, 344, 348, 349, 353, 355, 361, 364, 375, 378, 380, 382, 383, 384, 386, 387, 391, 407, 414, 417, 423, 424, 429, 430, 433, 438, 439, 444, 448, 449, 452, 453, 454, 460, 461, 471, 472, 474, 476, 477, 479, 481


245, 246, 247, 248, 249, 250, 251, 254, 255, 256, 258, 259, 262, 263, 264, 265, 271, 273, 275, 276, 277, 279, 284, 285, 286, 287, 291, 292, 295, 296, 298, 299, 301, 302, 303, 304, 305, 306, 307, 308, 310, 312, 313, 314, 315, 316, 322, 324, 326, 327, 330, 331, 334, 336, 342, 344, 346, 348, 349, 352, 353, 355, 358, 364, 365, 366, 368, 371, 372, 375, 378, 379, 382, 383, 384, 386, 387, 391, 407, 410, 411, 414, 415, 417, 418, 419, 423, 424, 425, 426, 427, 429, 430, 433, 435, 439, 441, 442, 444, 447, 449, 451, 452, 453, 454, 456, 458, 460, 461, 463, 465, 466, 470, 471, 472, 473, 474, 475, 476, 477, 479, 480, 481, 482
245, 247, 248, 249, 251, 254, 255, 258, 259, 262, 263, 264, 265, 271, 273, 276, 277, 279, 284, 285, 288, 290, 291, 292, 296, 297, 298, 299, 301, 302, 303, 304, 305, 306, 307, 308, 310, 312, 314, 315, 316, 317, 320, 322, 324, 327, 330, 331, 332, 334, 336, 342, 346, 348, 349, 352, 353, 355, 357, 358, 361, 364, 365, 368, 370, 371, 372, 375, 378, 380, 382, 383, 384, 386, 387, 391, 392, 407, 409, 410, 411, 414, 415, 417, 418, 423, 424, 425, 426, 427, 429, 430, 433, 435, 438, 441, 442, 444, 447, 448, 450, 451, 452, 453, 454, 456, 458, 460, 461, 463, 465, 466, 470, 471, 472, 473, 474, 475, 476, 477, 479, 480, 481, 482

246, 248, 254, 255, 256, 258, 259, 261, 265, 275, 276, 281, 284, 290, 292, 298, 299, 302, 303, 308, 310, 315, 316, 324, 327, 330, 334, 342, 346, 348, 352, 353, 358, 359, 365, 366, 371, 382, 384, 407, 418, 425, 427, 432, 438, 439, 447, 453, 461, 465, 474, 475, 481
250, 256, 258, 265, 273, 285, 292, 296, 302, 305, 308, 331, 332, 342, 353, 355, 378, 384, 386, 392, 426, 433, 438, 439, 450, 461, 471, 472, 481

246, 247, 248, 249, 250, 251, 254, 256, 258, 259, 262, 263, 264, 265, 271, 273, 275, 276, 277, 279, 284, 285, 286, 288, 289, 291, 292, 295, 296, 298, 299, 301, 302, 304, 305, 306, 307, 308, 310, 311, 312, 313, 314, 315, 317, 322, 324, 326, 327, 330, 331, 332, 342, 344, 348, 349, 353, 355, 361, 364, 365, 368, 375, 378, 379, 380, 382, 383, 384, 386, 387, 391, 407, 409, 414, 417, 419, 423, 424, 426, 429, 430, 433, 435, 438, 439, 448, 449, 450, 451, 452, 453, 454, 460, 461, 465, 466, 471, 472, 473, 474, 475, 476, 477, 479, 481, 482


245, 246, 248, 251, 254, 255, 256, 258, 259, 261, 262, 264, 265, 275, 276, 281, 284, 287, 288, 290, 291, 292, 298, 299, 301, 302, 303, 304, 306, 307, 308, 310, 312, 314, 315, 316, 322, 324, 326, 327, 330, 334, 336, 342, 344, 346, 348, 349, 352, 353, 355, 358, 359, 364, 365, 366, 370, 371, 372, 378, 382, 384, 386, 387, 407, 410, 411, 414, 415, 418, 419, 425, 427, 432, 434, 438, 439, 441, 450, 453, 454, 456, 458, 461, 465, 474, 475, 480, 481
248, 249, 250, 259, 263, 264, 265, 271, 273, 276, 279, 285, 288, 291, 292, 296, 301, 302, 306, 307, 308, 310, 322, 324, 327, 330, 342, 348, 353, 355, 361, 364, 365, 368, 375, 378, 380, 382, 383, 384, 386, 387, 391, 414, 423, 429, 433, 435, 439, 444, 452, 453, 460, 461, 466, 471, 474, 476, 477, 479, 481, 482
248, 249, 250, 251, 254, 258, 259, 262, 263, 265, 271, 273, 284, 285, 291, 292, 295, 298, 299, 302, 304, 305, 306, 307, 308, 310, 312, 315, 322, 330, 332, 342, 348, 349, 353, 355, 361, 364, 368, 378, 379, 382, 386, 387, 391, 407, 417, 424, 433, 435, 438, 444, 450, 453, 454, 460, 461, 466, 471, 472, 474, 476, 477, 479, 481, 482
247, 248, 249, 250, 254, 255, 256, 258, 259, 261, 262, 265, 273, 275, 276, 284, 285, 287, 289, 291, 292, 296, 298, 301, 302, 303, 305, 306, 307, 308, 310, 311, 314, 315, 316, 322, 324, 326, 330, 332, 342, 344, 346, 348, 352, 353, 355, 358, 364, 365, 366, 371, 380, 384, 386, 409, 415, 417, 425, 426, 430, 433, 439, 442, 444, 447, 449, 451, 452, 454, 456, 461, 466, 470, 472, 473, 474, 477, 481
246, 247, 248, 249, 255, 258, 259, 265, 273, 284, 285, 290, 291, 292, 298, 299, 304, 305, 306, 308, 310, 316, 326, 330, 332, 342, 348, 352, 353, 355, 357, 358, 364, 365, 370, 384, 391, 392, 407, 409, 414, 426, 433, 438, 439, 444, 450, 452, 453, 456, 460, 461, 472, 473, 474, 475, 476, 481
246, 247, 248, 249, 251, 258, 259, 262, 263, 264, 265, 271, 273, 275, 276, 277, 279, 284, 285, 286, 287, 288, 289, 291, 292, 295, 296, 297, 299, 301, 302, 304, 305, 306, 307, 308, 310, 312, 317, 320, 322, 324, 326, 327, 330, 331, 342, 344, 346, 348, 349, 353, 355, 361, 364, 365, 366, 368, 370, 375, 378, 379, 380, 382, 383, 384, 386, 387, 391, 392, 403, 407, 409, 414, 417, 419, 423, 424, 426, 427, 429, 430, 433, 435, 438, 439, 444, 448, 450, 451, 453, 460, 461, 463, 465, 466, 471, 472, 473, 474, 475, 476, 477, 479, 480, 481, 482
245, 246, 247, 248, 249, 250, 251, 254, 255, 256, 258, 259, 261, 262, 263, 264, 265, 271, 273, 275, 276, 277, 279, 281, 284, 285, 286, 287, 288, 289, 290, 291, 292, 295, 296, 298, 299, 301, 302, 303, 304, 305, 306, 307, 308, 310, 311, 312, 313, 314, 315, 316, 317, 322, 324, 326, 327, 330, 331, 332, 334, 336, 342, 344, 346, 348, 349, 352, 353, 355, 357, 358, 359, 361, 364, 365, 366, 368, 370, 371, 372, 375, 378, 379, 380, 382, 383, 384, 386, 387, 391, 407, 409, 410, 411, 414, 415, 417, 418, 419, 423, 424, 425, 426, 427, 429, 430, 432, 433, 435, 438, 439, 441, 444, 447, 448, 449, 451, 452, 454, 456, 458, 460, 461, 463, 465, 466, 471, 472, 473, 474, 475, 476, 477, 479, 480, 481, 482
248, 249, 254, 255, 256, 258, 259, 262, 263, 265, 271, 273, 279, 284, 288, 290, 292, 295, 298, 299, 302, 303, 304, 307, 308, 310, 314, 315, 316, 324, 327, 332, 342, 348, 349, 352, 353, 355, 357, 358, 365, 366, 370, 371, 375, 382, 383, 384, 386, 391, 407, 414, 418, 419, 427, 433, 435, 438, 439, 444, 447, 449, 450, 453, 460, 461, 465, 466, 472, 474, 475, 481

245, 246, 248, 249, 250, 251, 254, 255, 256, 258, 259, 261, 262, 265, 275, 276, 277, 284, 285, 288, 290, 292, 298, 301, 302, 303, 304, 306, 307, 308, 310, 312, 314, 315, 316, 317, 322, 324, 326, 327, 330, 332, 336, 342, 348, 352, 353, 355, 357, 358, 359, 361, 364, 365, 366, 368, 370, 371, 382, 384, 386, 387, 407, 409, 414, 418, 419, 426, 427, 438, 439, 447, 450, 451, 453, 461, 465, 472, 473, 474, 477, 481

245, 248, 249, 254, 255, 256, 258, 264, 265, 275, 276, 277, 284, 285, 286, 292, 298, 299, 302, 303, 304, 305, 306, 308, 310, 313, 316, 324, 327, 330, 334, 336, 342, 346, 348, 353, 358, 364, 365, 368, 371, 378, 382, 384, 387, 407, 418, 425, 427, 438, 439, 447, 453, 461, 463, 473, 474, 481

246, 247, 248, 249, 250, 251, 256, 258, 259, 262, 263, 264, 265, 271, 273, 275, 276, 277, 279, 284, 285, 286, 288, 289, 291, 292, 295, 296, 299, 301, 302, 304, 305, 306, 307, 308, 310, 311, 312, 313, 314, 315, 317, 322, 324, 326, 327, 330, 331, 332, 342, 344, 348, 349, 353, 355, 361, 364, 365, 368, 375, 378, 379, 380, 382, 383, 384, 386, 387, 391, 407, 409, 414, 417, 419, 423, 424, 426, 429, 430, 433, 435, 438, 439, 444, 448, 449, 451, 452, 453, 454, 461, 465, 466, 471, 472, 473, 474, 475, 476, 477, 479, 481, 482
245, 246, 247, 248, 249, 250, 251, 254, 255, 256, 258, 259, 261, 262, 263, 264, 265, 271, 273, 275, 276, 277, 279, 281, 284, 285, 286, 287, 288, 289, 290, 291, 292, 295, 296, 297, 298, 299, 301, 302, 303, 304, 305, 306, 307, 308, 310, 312, 313, 314, 315, 316, 317, 320, 322, 324, 326, 327, 330, 331, 332, 334, 336, 342, 344, 346, 348, 349, 352, 353, 355, 358, 359, 361, 364, 365, 366, 368, 370, 371, 372, 375, 378, 379, 380, 382, 383, 384, 386, 387, 391, 392, 403, 407, 409, 410, 411, 414, 415, 417, 418, 419, 423, 424, 425, 426, 427, 429, 430, 432, 433, 434, 435, 438, 439, 441, 442, 444, 447, 448, 449, 450, 451, 452, 453, 454, 456, 458, 460, 463, 465, 466, 470, 471, 472, 473, 474, 475, 476, 477, 479, 480, 481, 482

247, 248, 249, 250, 251, 258, 259, 262, 264, 265, 273, 276, 277, 279, 284, 285, 288, 291, 292, 296, 297, 301, 302, 303, 306, 307, 308, 310, 312, 315, 317, 320, 322, 324, 327, 330, 331, 342, 348, 352, 353, 355, 361, 364, 365, 366, 372, 378, 380, 382, 384, 386, 387, 391, 407, 410, 411, 414, 419, 423, 433, 438, 439, 452, 453, 458, 461, 466, 471, 472, 474, 476, 477, 481, 482

245, 247, 248, 249, 251, 254, 255, 256, 258, 259, 261, 262, 263, 264, 265, 271, 273, 275, 276, 279, 284, 285, 286, 287, 288, 291, 292, 296, 297, 298, 301, 302, 303, 304, 306, 307, 308, 310, 312, 314, 315, 316, 320, 322, 324, 326, 327, 331, 342, 344, 346, 348, 349, 352, 353, 355, 358, 359, 364, 365, 366, 368, 370, 371, 372, 375, 379, 380, 382, 383, 384, 386, 387, 391, 403, 407, 410, 411, 414, 415, 418, 419, 427, 433, 434, 438, 439, 441, 444, 447, 452, 453, 454, 456, 460, 461, 466, 471, 472, 474, 476, 477, 480, 481, 482
248, 249, 250, 256, 258, 259, 262, 264, 265, 271, 273, 275, 277, 279, 284, 291, 292, 295, 296, 301, 302, 306, 307, 308, 310, 311, 312, 313, 314, 315, 322, 324, 326, 327, 331, 336, 342, 344, 349, 353, 361, 364, 365, 368, 375, 378, 379, 380, 382, 383, 386, 387, 414, 424, 429, 430, 433, 438, 439, 444, 448, 449, 450, 452, 453, 454, 460, 461, 463, 465, 471, 472, 476, 477, 479, 481, 482



258, 265, 273, 285, 292, 296, 302, 305, 308, 332, 342, 353, 355, 378, 384, 386, 392, 410, 426, 433, 438, 439, 450, 461, 471, 472, 481
246, 247, 248, 249, 250, 251, 254, 256, 258, 259, 262, 263, 264, 265, 271, 273, 275, 276, 277, 279, 284, 285, 286, 287, 288, 291, 292, 296, 297, 298, 299, 301, 302, 304, 305, 306, 307, 308, 310, 312, 313, 314, 315, 317, 320, 322, 324, 326, 327, 330, 331, 334, 336, 342, 344, 346, 348, 352, 353, 355, 361, 364, 365, 366, 368, 372, 375, 378, 379, 380, 382, 383, 384, 386, 387, 391, 407, 414, 418, 423, 424, 426, 427, 429, 430, 433, 435, 438, 439, 442, 444, 448, 449, 452, 453, 460, 461, 463, 465, 466, 470, 472, 473, 474, 475, 476, 477, 479, 480, 481, 482
246, 247, 248, 249, 250, 251, 254, 255, 258, 259, 262, 263, 265, 271, 273, 275, 276, 277, 279, 284, 285, 287, 288, 290, 291, 292, 295, 296, 297, 298, 299, 301, 302, 303, 304, 305, 306, 307, 308, 310, 311, 312, 314, 315, 316, 317, 320, 322, 324, 326, 330, 331, 332, 336, 342, 346, 348, 349, 352, 353, 355, 358, 361, 364, 365, 371, 372, 375, 378, 379, 380, 382, 383, 384, 386, 387, 391, 392, 407, 414, 418, 424, 426, 427, 433, 435, 438, 439, 442, 444, 449, 450, 451, 452, 453, 454, 456, 460, 461, 463, 465, 466, 470, 471, 473, 474, 476, 477, 479, 480, 481, 482
246, 247, 248, 249, 250, 255, 258, 259, 261, 262, 263, 265, 271, 273, 275, 284, 285, 290, 291, 292, 298, 299, 304, 305, 306, 308, 310, 316, 317, 326, 330, 332, 342, 348, 352, 353, 355, 357, 358, 364, 365, 370, 378, 384, 387, 391, 392, 407, 409, 410, 414, 415, 424, 425, 426, 433, 438, 439, 444, 450, 451, 452, 453, 456, 458, 460, 461, 471, 472, 474, 475, 476, 477, 481
245, 247, 248, 249, 250, 251, 254, 255, 256, 258, 259, 262, 263, 264, 265, 271, 273, 275, 276, 279, 284, 285, 287, 288, 290, 291, 292, 295, 296, 297, 298, 299, 301, 302, 303, 304, 305, 306, 307, 308, 310, 312, 314, 315, 316, 317, 320, 322, 324, 326, 327, 330, 331, 332, 334, 336, 342, 346, 348, 349, 352, 353, 355, 357, 358, 364, 365, 366, 368, 370, 371, 372, 375, 378, 380, 382, 383, 384, 386, 387, 391, 407, 409, 410, 411, 414, 415, 417, 418, 419, 423, 424, 425, 426, 427, 429, 430, 433, 435, 438, 439, 441, 444, 447, 448, 449, 450, 451, 452, 453, 454, 456, 458, 460, 461, 463, 465, 471, 472, 473, 475, 476, 477, 479, 481, 482
245, 248, 249, 254, 255, 259, 262, 264, 265, 273, 284, 285, 288, 291, 292, 298, 301, 303, 304, 306, 308, 310, 312, 314, 315, 316, 317, 322, 324, 326, 327, 330, 342, 348, 352, 355, 358, 364, 365, 366, 371, 378, 380, 382, 384, 386, 387, 391, 407, 410, 414, 415, 418, 423, 433, 438, 439, 441, 444, 447, 451, 452, 453, 454, 460, 461, 471, 473, 474, 476, 477, 481
246, 247, 248, 249, 250, 251, 256, 258, 259, 262, 263, 264, 265, 271, 273, 275, 276, 277, 279, 284, 285, 286, 288, 291, 292, 295, 296, 297, 301, 302, 304, 305, 306, 307, 308, 310, 312, 313, 314, 315, 317, 320, 322, 324, 326, 327, 330, 331, 332, 342, 344, 346, 348, 349, 352, 353, 355, 361, 364, 365, 368, 372, 375, 378, 379, 380, 382, 383, 384, 386, 387, 391, 392, 409, 414, 419, 423, 424, 426, 427, 429, 430, 433, 435, 438, 439, 444, 448, 449, 451, 452, 453, 460, 461, 463, 465, 466, 471, 472, 473, 474, 475, 477, 479, 480, 481, 482
246, 247, 248, 249, 250, 251, 256, 258, 259, 262, 263, 264, 265, 271, 273, 275, 276, 277, 279, 284, 285, 286, 287, 288, 291, 292, 295, 296, 297, 299, 301, 302, 305, 306, 307, 308, 310, 312, 313, 314, 315, 317, 320, 322, 324, 326, 327, 330, 331, 342, 344, 346, 348, 349, 352, 353, 355, 359, 361, 364, 365, 366, 368, 375, 378, 379, 380, 382, 383, 384, 386, 387, 391, 392, 407, 414, 417, 419, 423, 424, 426, 427, 429, 430, 433, 435, 438, 439, 444, 448, 449, 450, 452, 453, 456, 460, 461, 463, 465, 466, 471, 472, 473, 474, 475, 476, 479, 481, 482

247, 248, 249, 250, 251, 258, 259, 263, 264, 265, 271, 273, 276, 279, 284, 285, 288, 291, 292, 295, 296, 299, 301, 302, 305, 306, 307, 308, 310, 312, 315, 317, 322, 324, 327, 330, 342, 348, 349, 353, 355, 361, 364, 365, 368, 375, 378, 379, 380, 382, 383, 384, 386, 387, 391, 407, 414, 423, 424, 429, 430, 433, 435, 438, 439, 444, 448, 449, 452, 453, 460, 461, 466, 471, 472, 474, 476, 477, 481, 482
245, 247, 248, 249, 251, 254, 255, 256, 258, 259, 262, 264, 265, 271, 273, 275, 276, 277, 285, 288, 290, 292, 297, 298, 302, 303, 306, 307, 308, 310, 312, 313, 314, 315, 316, 320, 322, 324, 326, 327, 336, 342, 344, 346, 348, 352, 353, 355, 358, 361, 364, 365, 370, 371, 378, 382, 384, 386, 387, 391, 392, 410, 411, 414, 415, 418, 427, 433, 438, 439, 447, 452, 453, 461, 465, 471, 472, 476, 481, 482
245, 246, 247, 248, 249, 250, 251, 254, 255, 256, 258, 259, 261, 262, 263, 264, 265, 271, 273, 275, 276, 277, 279, 281, 284, 285, 286, 287, 288, 289, 290, 291, 292, 295, 296, 297, 298, 299, 301, 302, 303, 304, 305, 306, 307, 308, 310, 311, 312, 313, 314, 315, 316, 317, 320, 322, 324, 326, 327, 330, 331, 332, 334, 336, 342, 344, 346, 348, 349, 352, 353, 355, 357, 358, 359, 361, 364, 365, 366, 368, 370, 371, 372, 375, 378, 379, 380, 382, 383, 384, 386, 387, 391, 392, 403, 407, 409, 410, 411, 414, 415, 417, 418, 419, 423, 424, 425, 426, 427, 429, 430, 432, 433, 434, 435, 438, 439, 441, 442, 444, 447, 448, 449, 450, 451, 452, 453, 454, 456, 458, 460, 461, 463, 465, 466, 470, 471, 472, 473, 474, 475, 476, 477, 479, 480, 482
247, 248, 249, 250, 251, 256, 258, 259, 262, 264, 265, 271, 273, 275, 277, 279, 284, 285, 288, 291, 292, 296, 297, 301, 302, 306, 307, 308, 310, 312, 313, 314, 315, 317, 320, 322, 324, 326, 327, 330, 331, 342, 344, 346, 348, 349, 353, 355, 361, 364, 365, 366, 368, 370, 372, 375, 378, 379, 380, 382, 383, 384, 386, 387, 392, 403, 414, 423, 424, 427, 429, 430, 433, 438, 439, 444, 448, 449, 452, 453, 460, 461, 463, 465, 466, 471, 472, 474, 476, 477, 479, 480, 481
